Measured double-differential inclusive-jet cross section for the range 1.5 <= |y| < 2.0 and jet radius parameter R = 0.4
ABS(YRAP(JET)) : < 3.0
PT(JET) IN GEV : > 100
R : 0.4
RE : P P --> JET X
SQRT(S) : 7000.0 GeV
ABS(YRAP) : 1.5 - 2.0
x: PT(JET) IN GEV
y : D2(SIG)/DPT(JET)/DYRAP IN PB*GEV*-1
xlow xhigh y  NPC +u_NPC -u_NPC EWC EWC_tree EWC_loop +-stat1 +-stat2 +sys1 -sys1 +sys2 -sys2 +sys3 -sys3 +sys4 -sys4 +sys5 -sys5 +sys6 -sys6 +sys7 -sys7 +sys8 -sys8 +sys9 -sys9 +sys10 -sys10 +sys11 -sys11 +sys12 -sys12 +sys13 -sys13 +sys14 -sys14 +sys15 -sys15 +sys16 -sys16 +sys17 -sys17 +sys18 -sys18 +sys19 -sys19 +sys20 -sys20 +sys21 -sys21 +sys22 -sys22 +sys23 -sys23 +sys24 -sys24 +sys25 -sys25 +sys26 -sys26 +sys27 -sys27 +sys28 -sys28 +sys29 -sys29 +sys30 -sys30 +sys31 -sys31 +sys32 -sys32 +sys33 -sys33 +sys34 -sys34 +sys35 -sys35 +sys36 -sys36 +sys37 -sys37 +sys38 -sys38 +sys39 -sys39 +sys40 -sys40 +sys41 -sys41 +sys42 -sys42 +sys43 -sys43 +sys44 -sys44 +sys45 -sys45 +sys46 -sys46 +sys47 -sys47 +sys48 -sys48 +sys49 -sys49 +sys50 -sys50 +sys51 -sys51 +sys52 -sys52 +sys53 -sys53 +sys54 -sys54 +sys55 -sys55 +sys56 -sys56 +sys57 -sys57 +sys58 -sys58 +sys59 -sys59 +sys60 -sys60 +sys61 -sys61 +sys62 -sys62 +sys63 -sys63 +sys64 -sys64 +sys65 -sys65 +sys66 -sys66 +sys67 -sys67 +sys68 -sys68 +sys69 -sys69
 100 116 2.54e+03 0.96 5 -3 1.00 1.00 1.00 0.74 0.87 3.3 -2.9 0.3 -0.4 0.2 -0.1 0.2 -0.2 1.5 -1.2 1.3 -1.0 0.1 -0.1 0.7 -0.5 0.1 -0.1 1.1 -0.9 0.5 -0.2 1.0 -0.8 0.7 -0.5 -0.0 0.0 -0.0 0.0 -0.0 0.0 -0.0 0.0 -0.0 0.0 -0.0 0.0 -0.0 0.0 -0.0 0.0 0.1 -0.1 0.1 -0.0 0.0 -0.0 0.1 -0.1 0.1 -0.1 0.1 -0.2 0.4 -0.4 0.4 -0.5 0.5 -0.2 0.0 -0.0 -0.0 0.0 0.0 -0.0 0.0 -0.0 0.1 -0.1 0.1 -0.1 0.0 -0.0 -0.0 0.0 -0.0 0.0 -0.0 0.0 0.0 -0.0 0.0 -0.0 0.0 -0.0 0.0 -0.0 0.0 -0.0 -0.0 0.0 0.0 -0.0 -0.0 0.0 -0.0 0.0 -0.0 0.0 0.0 -0.0 0.0 -0.0 0.0 -0.0 0.0 0.0 0.7 -0.5 9.8 -8.4 0.0 0.0 -2.6 3.0 -0.4 0.5 -1.2 1.6 1.0 -0.8 0.6 -0.4 6.0 -5.2 3.5 -3.5 0.5 -0.5 0.1 -0.1 0.5 -0.5 1.8 -1.8 0.0 -0.0
 116 134 1.16e+03 0.96 5 -3 1.00 1.00 1.00 1.0 0.67 3.4 -2.9 0.4 -0.4 0.1 -0.1 0.2 -0.2 1.3 -1.1 1.0 -0.9 0.1 -0.1 0.6 -0.5 0.1 -0.1 1.1 -0.9 0.4 -0.3 0.9 -0.8 0.6 -0.5 -0.0 0.0 -0.0 0.0 -0.0 0.0 -0.0 0.0 0.0 -0.0 -0.0 0.0 -0.0 0.0 -0.0 0.0 0.1 -0.1 0.0 -0.0 0.0 -0.0 0.0 -0.0 0.1 -0.1 0.1 -0.1 0.3 -0.3 0.4 -0.5 0.5 -0.3 0.1 -0.1 -0.0 0.0 0.0 -0.0 0.0 -0.0 0.1 -0.0 0.1 -0.0 0.1 -0.1 0.0 -0.0 0.0 -0.0 -0.0 0.0 0.0 -0.0 0.0 -0.0 0.0 -0.0 0.0 -0.0 0.0 -0.0 -0.0 0.0 0.0 -0.0 -0.0 0.0 -0.0 0.0 -0.0 0.0 0.0 -0.0 0.0 -0.0 0.0 -0.0 0.0 0.0 0.6 -0.5 10 -8.6 0.0 0.0 -2.4 2.8 -0.3 0.4 -1.0 1.4 0.9 -0.7 0.5 -0.4 5.9 -5.1 3.0 -3.0 0.4 -0.4 0.1 -0.1 0.5 -0.5 1.8 -1.8 0.0 -0.0
 134 152 5.52e+02 0.96 4 -3 1.00 1.00 1.00 1.3 0.47 3.5 -3.1 0.3 -0.3 0.1 -0.1 0.2 -0.2 1.2 -1.1 0.9 -0.9 0.1 -0.1 0.5 -0.5 0.1 -0.1 1.1 -1.1 0.3 -0.3 0.8 -0.8 0.5 -0.5 0.0 -0.0 -0.0 0.0 0.0 -0.0 0.0 -0.0 0.0 -0.0 0.0 -0.0 0.0 -0.0 -0.0 0.0 0.0 -0.0 0.0 -0.0 0.0 -0.0 0.0 -0.0 0.0 -0.0 0.1 -0.1 0.2 -0.2 0.4 -0.4 0.5 -0.4 0.1 -0.2 -0.0 0.1 0.0 -0.0 0.0 -0.0 0.0 -0.0 0.1 -0.0 0.1 -0.1 0.1 -0.0 0.0 -0.0 -0.0 0.0 -0.0 0.0 0.0 -0.0 0.0 -0.0 0.0 -0.0 0.0 -0.0 -0.0 0.0 0.0 -0.0 -0.0 0.0 -0.0 0.0 -0.0 0.0 0.0 -0.0 0.0 -0.0 0.0 -0.0 0.0 0.0 0.5 -0.5 10 -9.1 0.0 0.0 -2.1 2.3 -0.4 0.4 -1.0 1.2 0.8 -0.7 0.4 -0.3 5.5 -4.8 2.6 -2.6 0.3 -0.3 0.0 -0.0 0.5 -0.5 1.8 -1.8 0.0 -0.0
 152 172 2.75e+02 0.97 4 -2 1.00 1.00 0.99 0.96 0.43 3.6 -3.4 0.3 -0.3 0.1 -0.1 0.2 -0.2 1.3 -1.2 0.9 -0.8 0.0 -0.0 0.5 -0.4 0.1 -0.1 1.2 -1.2 0.3 -0.3 0.9 -0.8 0.5 -0.5 0.0 -0.0 0.0 -0.0 0.0 -0.0 0.1 -0.0 0.1 -0.1 0.0 -0.0 0.0 -0.0 0.0 -0.0 0.0 -0.0 0.0 -0.0 0.0 -0.0 0.0 -0.0 0.0 -0.0 0.1 -0.1 0.1 -0.1 0.3 -0.3 0.5 -0.4 0.2 -0.4 0.0 -0.0 0.0 -0.0 0.0 -0.0 0.0 -0.0 0.0 -0.0 0.1 -0.1 0.1 -0.1 0.0 -0.0 -0.0 0.0 -0.0 0.0 -0.0 0.0 0.0 -0.0 0.0 -0.0 0.0 -0.0 -0.0 0.0 0.0 -0.0 -0.0 0.0 -0.0 0.0 -0.0 0.0 0.0 -0.0 0.0 -0.0 0.0 -0.0 0.0 0.0 0.5 -0.4 11 -9.5 0.0 0.0 -1.9 2.0 -0.4 0.4 -1.0 1.1 0.7 -0.7 0.3 -0.3 5.0 -4.5 2.3 -2.3 0.3 -0.3 0.0 -0.0 0.5 -0.5 1.8 -1.8 0.0 -0.0
 172 194 1.37e+02 0.97 4 -2 1.00 1.01 0.99 0.76 0.45 3.8 -3.7 0.3 -0.3 0.1 -0.1 0.2 -0.2 1.3 -1.2 0.8 -0.8 0.0 -0.0 0.5 -0.4 0.1 -0.1 1.4 -1.3 0.3 -0.3 0.9 -0.8 0.5 -0.5 0.0 -0.0 0.0 -0.0 0.0 -0.0 0.2 -0.1 0.2 -0.2 0.1 -0.1 0.0 -0.1 0.0 -0.0 0.0 -0.0 0.0 -0.0 0.0 -0.0 0.0 -0.0 0.0 -0.0 0.1 -0.1 0.1 -0.1 0.3 -0.2 0.4 -0.4 0.4 -0.5 0.1 -0.1 0.0 -0.0 0.0 -0.0 0.0 -0.0 0.0 -0.0 0.1 -0.1 0.1 -0.1 0.0 -0.1 0.0 -0.0 -0.0 0.0 -0.0 0.0 0.0 -0.0 0.0 -0.0 0.0 -0.0 -0.0 0.0 0.0 -0.0 -0.0 0.0 -0.0 0.0 -0.0 0.0 0.0 -0.0 0.0 -0.0 0.0 -0.0 0.0 0.0 0.5 -0.5 11 -9.8 0.0 0.0 -1.7 1.7 -0.3 0.4 -1.0 1.1 0.8 -0.8 0.3 -0.3 4.4 -4.1 2.1 -2.1 0.3 -0.3 0.0 -0.0 0.5 -0.5 1.8 -1.8 0.0 -0.0
 194 216 6.81e+01 0.97 3 -2 1.00 1.01 0.99 1.1 0.47 4.0 -3.7 0.3 -0.3 0.1 -0.1 0.2 -0.2 1.2 -1.1 0.8 -0.8 0.0 -0.0 0.4 -0.4 0.1 -0.1 1.3 -1.3 0.3 -0.3 0.8 -0.8 0.5 -0.5 0.1 -0.1 0.0 -0.0 0.1 -0.1 0.2 -0.2 0.2 -0.2 0.2 -0.2 0.1 -0.1 0.0 -0.1 0.0 -0.0 0.0 -0.0 0.0 -0.0 0.0 -0.0 0.0 -0.0 0.0 -0.1 0.1 -0.1 0.2 -0.2 0.4 -0.3 0.5 -0.5 0.2 -0.2 0.0 -0.0 0.0 -0.0 0.0 -0.0 0.0 -0.0 0.1 -0.1 0.1 -0.1 0.1 -0.1 0.0 -0.1 -0.0 0.0 -0.0 0.0 0.0 -0.0 0.0 -0.0 0.0 -0.1 -0.0 0.0 0.0 -0.0 -0.0 0.0 -0.0 0.0 -0.0 0.0 0.0 -0.0 0.0 -0.0 0.0 -0.0 0.0 0.0 0.5 -0.5 11 -10 0.0 0.0 -1.4 1.5 -0.3 0.3 -0.8 0.9 0.9 -0.9 0.3 -0.3 3.8 -3.6 1.8 -1.8 0.3 -0.3 0.0 -0.0 0.5 -0.5 1.8 -1.8 0.0 -0.0
 216 240 3.56e+01 0.97 3 -2 1.00 1.01 0.99 0.77 0.44 4.1 -3.9 0.2 -0.2 0.1 -0.1 0.1 -0.1 1.0 -1.0 0.7 -0.7 0.0 -0.0 0.4 -0.4 0.1 -0.1 1.2 -1.2 0.3 -0.2 0.8 -0.8 0.6 -0.6 0.1 -0.1 0.0 -0.0 0.1 -0.1 0.3 -0.2 0.3 -0.2 0.2 -0.2 0.2 -0.2 0.1 -0.1 0.0 -0.0 0.0 -0.0 0.0 -0.0 0.0 -0.0 0.0 -0.0 0.0 -0.0 0.1 -0.1 0.1 -0.1 0.3 -0.3 0.4 -0.4 0.3 -0.3 0.0 -0.0 0.0 -0.0 0.0 -0.0 0.0 -0.0 0.1 -0.1 0.1 -0.1 0.1 -0.1 0.1 -0.1 -0.0 0.0 -0.0 0.0 -0.0 0.0 0.0 -0.0 0.0 -0.1 0.0 -0.0 0.0 -0.0 -0.0 0.0 -0.0 0.0 -0.0 0.0 0.0 -0.0 0.0 -0.0 0.0 -0.0 0.0 0.0 0.4 -0.4 11 -10 0.0 0.0 -1.2 1.2 -0.3 0.3 -0.7 0.8 1.0 -1.0 0.3 -0.3 3.4 -3.2 1.7 -1.7 0.2 -0.2 0.0 -0.0 0.5 -0.5 1.8 -1.8 0.0 -0.0
 240 264 1.90e+01 0.97 3 -2 1.00 1.01 0.99 0.99 0.42 4.3 -4.1 0.2 -0.2 0.1 -0.1 0.1 -0.1 0.9 -0.9 0.7 -0.6 0.0 -0.0 0.4 -0.4 0.1 -0.1 1.1 -1.1 0.3 -0.2 0.8 -0.8 0.6 -0.6 0.1 -0.1 0.0 -0.0 0.2 -0.1 0.3 -0.3 0.3 -0.3 0.3 -0.3 0.3 -0.3 0.1 -0.1 0.0 -0.0 0.0 -0.0 0.0 -0.0 0.0 -0.0 0.0 -0.0 0.0 -0.0 0.0 -0.0 0.1 -0.1 0.2 -0.2 0.3 -0.3 0.4 -0.3 0.0 -0.0 0.0 -0.0 0.0 -0.0 0.0 -0.0 0.0 -0.0 0.1 -0.1 0.1 -0.1 0.1 -0.1 0.0 -0.0 -0.0 0.0 -0.0 0.0 0.0 -0.0 0.0 -0.0 0.0 -0.0 0.0 -0.0 -0.0 0.0 -0.0 0.0 -0.0 0.0 0.0 -0.0 0.0 -0.0 0.0 -0.0 0.0 0.0 0.4 -0.4 11 -10 0.0 0.0 -1.0 1.0 -0.3 0.3 -0.7 0.8 1.2 -1.1 0.3 -0.3 3.1 -3.0 1.7 -1.7 0.2 -0.2 0.0 -0.0 0.5 -0.5 1.8 -1.8 0.0 -0.0
 264 290 1.01e+01 0.98 3 -2 1.00 1.01 0.99 1.3 0.53 4.4 -4.3 0.2 -0.2 0.0 -0.0 0.1 -0.1 0.8 -0.8 0.6 -0.6 0.0 -0.0 0.4 -0.3 0.1 -0.1 1.0 -1.0 0.3 -0.3 0.8 -0.8 0.7 -0.7 0.1 -0.1 0.0 -0.0 0.2 -0.2 0.4 -0.3 0.3 -0.3 0.3 -0.3 0.4 -0.4 0.2 -0.1 0.0 -0.0 0.0 -0.0 0.0 -0.0 0.0 -0.0 0.0 -0.0 0.0 -0.0 0.0 -0.0 0.1 -0.1 0.2 -0.2 0.2 -0.2 0.4 -0.4 0.0 -0.0 0.0 -0.0 0.0 -0.0 0.0 -0.0 0.0 -0.0 0.1 -0.1 0.1 -0.1 0.2 -0.2 0.1 -0.1 -0.0 0.0 -0.0 0.0 -0.0 0.0 0.0 -0.0 0.0 -0.0 0.0 -0.0 -0.0 0.0 -0.0 0.0 -0.0 0.0 0.0 -0.0 0.0 -0.0 0.0 -0.0 0.0 0.0 0.4 -0.4 11 -9.8 0.0 0.0 -0.9 0.9 -0.3 0.3 -0.7 0.8 1.3 -1.2 0.3 -0.3 2.9 -2.8 1.6 -1.6 0.2 -0.2 0.0 -0.0 0.5 -0.5 1.8 -1.8 0.0 -0.0
 290 318 5.30e+00 0.98 3 -1 1.00 1.01 0.98 1.8 0.49 4.5 -4.4 0.1 -0.1 0.0 -0.0 0.1 -0.1 0.7 -0.6 0.5 -0.5 0.0 -0.0 0.4 -0.4 0.1 -0.1 0.8 -0.8 0.3 -0.3 0.9 -0.9 0.8 -0.8 0.1 -0.1 0.1 -0.1 0.2 -0.2 0.4 -0.4 0.3 -0.3 0.4 -0.4 0.5 -0.5 0.2 -0.2 0.0 -0.0 0.0 -0.0 0.0 -0.0 0.0 -0.0 0.0 -0.0 0.0 -0.0 0.0 -0.0 0.1 -0.1 0.2 -0.1 0.2 -0.2 0.3 -0.4 0.0 -0.0 0.0 -0.0 0.0 -0.0 0.0 -0.0 0.0 -0.0 0.0 -0.1 0.1 -0.1 0.2 -0.2 0.2 -0.2 0.0 -0.1 -0.0 0.0 -0.0 0.0 0.0 -0.0 0.0 -0.0 0.0 -0.0 0.0 -0.0 -0.0 0.0 -0.0 0.0 0.0 -0.0 0.0 -0.0 0.0 -0.0 0.0 0.0 0.4 -0.4 11 -9.7 0.0 0.0 -0.7 0.8 -0.3 0.3 -0.7 0.8 1.3 -1.2 0.3 -0.3 2.7 -2.7 1.6 -1.6 0.2 -0.2 0.0 -0.0 0.5 -0.5 1.8 -1.8 0.0 -0.0
 318 346 2.91e+00 0.98 2 -1 1.00 1.01 0.98 1.8 0.64 4.6 -4.6 0.1 -0.1 0.0 -0.0 0.1 -0.1 0.6 -0.6 0.4 -0.5 0.0 -0.0 0.3 -0.4 0.1 -0.1 0.7 -0.7 0.3 -0.3 0.9 -0.9 0.8 -0.9 0.1 -0.1 0.1 -0.1 0.2 -0.3 0.4 -0.4 0.3 -0.3 0.4 -0.4 0.6 -0.6 0.2 -0.2 0.0 -0.0 0.0 -0.0 0.0 -0.0 0.0 -0.0 0.0 -0.0 0.0 -0.0 0.0 -0.0 0.1 -0.1 0.1 -0.1 0.1 -0.1 0.3 -0.4 0.0 -0.0 0.0 -0.0 0.0 -0.0 0.0 -0.0 0.0 -0.0 0.0 -0.1 0.1 -0.1 0.2 -0.2 0.2 -0.2 0.1 -0.2 0.0 -0.0 -0.0 0.0 0.0 -0.0 0.0 -0.0 0.0 -0.1 0.0 -0.0 0.0 -0.0 -0.0 0.0 0.0 -0.0 0.0 -0.0 0.0 -0.0 0.0 0.0 0.4 -0.4 10 -9.6 0.0 0.0 -0.6 0.6 -0.3 0.3 -0.9 0.8 1.3 -1.2 0.3 -0.3 2.5 -2.5 1.6 -1.6 0.2 -0.2 0.0 -0.0 0.5 -0.5 1.8 -1.8 0.0 -0.0
 346 376 1.63e+00 0.98 2 -1 0.99 1.01 0.98 0.96 0.70 4.3 -4.3 0.1 -0.1 0.0 -0.0 0.1 -0.1 0.5 -0.5 0.4 -0.4 0.0 -0.0 0.3 -0.4 0.1 -0.1 0.5 -0.6 0.3 -0.3 0.9 -1.0 0.9 -1.0 0.1 -0.1 0.1 -0.1 0.3 -0.3 0.5 -0.5 0.3 -0.3 0.4 -0.5 0.6 -0.6 0.2 -0.2 0.0 -0.0 0.0 -0.0 0.0 -0.0 0.0 -0.0 0.0 -0.0 0.0 -0.0 0.0 -0.0 0.1 -0.1 0.1 -0.1 0.1 -0.1 0.3 -0.3 0.0 -0.0 0.0 -0.0 0.0 -0.0 0.0 -0.0 0.0 -0.0 0.0 -0.1 0.1 -0.1 0.2 -0.2 0.2 -0.3 0.2 -0.3 0.0 -0.0 -0.0 0.0 0.0 -0.0 0.0 -0.0 0.0 -0.1 0.0 -0.0 0.0 -0.0 -0.0 0.0 0.0 -0.0 0.0 -0.0 0.0 -0.0 0.0 0.0 0.4 -0.4 10 -9.5 0.0 0.0 -0.5 0.5 -0.3 0.3 -1.0 0.9 1.2 -1.0 0.3 -0.4 2.4 -2.4 1.7 -1.7 0.3 -0.3 0.0 -0.0 0.5 -0.5 1.8 -1.8 0.0 -0.0
 376 408 8.63e-01 0.98 2 -1 0.99 1.02 0.98 0.56 0.65 4.7 -4.7 0.1 -0.1 0.0 -0.0 0.1 -0.0 0.4 -0.4 0.3 -0.3 0.0 -0.0 0.3 -0.4 0.1 -0.1 0.4 -0.5 0.3 -0.3 1.0 -1.1 1.0 -1.1 0.1 -0.1 0.1 -0.1 0.3 -0.4 0.6 -0.6 0.3 -0.3 0.5 -0.6 0.7 -0.7 0.2 -0.2 0.0 -0.0 0.0 -0.0 0.0 -0.0 0.0 -0.0 0.0 -0.0 0.0 -0.0 0.0 -0.0 0.1 -0.0 0.1 -0.1 0.1 -0.1 0.2 -0.2 0.0 -0.0 0.0 -0.0 0.0 -0.0 0.0 -0.0 0.0 -0.0 0.0 -0.0 0.1 -0.1 0.1 -0.2 0.2 -0.3 0.3 -0.4 0.1 -0.1 -0.0 0.0 0.0 -0.0 0.0 -0.0 0.0 -0.0 0.0 -0.1 0.0 -0.0 -0.0 0.0 0.0 -0.0 0.0 -0.0 0.0 -0.0 0.0 0.0 0.4 -0.4 10 -9.4 0.0 0.0 -0.4 0.4 -0.3 0.3 -1.0 0.9 1.0 -0.8 0.3 -0.3 2.3 -2.2 1.7 -1.7 0.3 -0.3 0.0 -0.0 0.5 -0.5 1.8 -1.8 0.0 -0.0
 408 442 4.52e-01 0.98 2 -1 0.99 1.02 0.98 0.67 0.73 4.9 -5.2 0.1 -0.1 0.0 -0.0 0.1 -0.0 0.3 -0.3 0.3 -0.3 0.0 -0.0 0.4 -0.4 0.1 -0.1 0.4 -0.4 0.3 -0.3 1.0 -1.1 1.1 -1.2 0.1 -0.1 0.1 -0.1 0.4 -0.4 0.7 -0.7 0.3 -0.3 0.5 -0.6 0.7 -0.7 0.3 -0.3 0.0 -0.0 0.0 -0.0 0.0 -0.0 0.0 -0.0 0.0 -0.0 0.0 -0.0 0.0 -0.0 0.1 -0.0 0.1 -0.1 0.1 -0.1 0.2 -0.2 0.0 -0.0 0.0 -0.0 0.0 -0.0 0.0 -0.0 0.0 -0.0 0.0 -0.0 0.1 -0.1 0.1 -0.1 0.2 -0.3 0.4 -0.5 0.2 -0.3 -0.0 0.0 0.0 -0.0 0.0 -0.0 0.0 -0.0 0.1 -0.1 0.0 -0.0 0.0 -0.0 0.0 -0.0 -0.0 0.0 0.0 -0.0 0.0 0.0 0.4 -0.5 10 -9.3 0.0 0.0 -0.4 0.4 -0.3 0.3 -0.8 0.7 0.7 -0.6 0.3 -0.3 2.2 -2.1 1.7 -1.7 0.3 -0.3 0.0 -0.0 0.5 -0.5 1.8 -1.8 0.0 -0.0
 442 478 2.32e-01 0.98 2 -1 0.99 1.02 0.97 0.73 0.66 5.2 -5.3 0.1 -0.1 0.0 -0.0 0.0 -0.0 0.3 -0.3 0.3 -0.3 0.0 -0.0 0.4 -0.4 0.1 -0.1 0.4 -0.4 0.3 -0.3 1.1 -1.1 1.2 -1.2 0.1 -0.1 0.1 -0.1 0.5 -0.5 0.9 -0.9 0.3 -0.3 0.6 -0.6 0.8 -0.8 0.3 -0.3 0.0 -0.0 0.0 -0.0 0.0 -0.0 0.0 -0.0 0.0 -0.0 0.0 -0.0 0.0 -0.0 0.0 -0.0 0.1 -0.1 0.1 -0.1 0.2 -0.2 0.0 -0.0 0.0 -0.0 0.0 -0.0 0.0 -0.0 0.0 -0.0 0.0 -0.0 0.1 -0.1 0.1 -0.1 0.2 -0.2 0.5 -0.5 0.4 -0.4 0.1 -0.0 0.0 -0.0 0.0 -0.0 0.0 -0.0 0.1 -0.1 0.0 -0.0 0.0 -0.0 0.0 -0.0 -0.0 0.0 0.0 -0.0 0.0 0.0 0.5 -0.5 9.8 -9.0 0.0 0.0 -0.3 0.3 -0.2 0.2 -0.5 0.5 0.4 -0.4 0.4 -0.4 2.0 -2.0 1.8 -1.8 0.3 -0.3 0.0 -0.0 0.5 -0.5 1.8 -1.8 0.0 -0.0
 478 516 1.16e-01 0.98 2 -1 0.99 1.02 0.97 0.67 0.52 6.0 -5.5 0.1 -0.1 0.0 -0.0 0.0 -0.0 0.3 -0.3 0.3 -0.3 0.0 -0.0 0.4 -0.4 0.1 -0.2 0.4 -0.4 0.4 -0.4 1.1 -1.1 1.4 -1.3 0.1 -0.1 0.1 -0.1 0.7 -0.6 1.2 -1.2 0.5 -0.4 0.7 -0.7 1.0 -1.0 0.4 -0.4 0.0 -0.0 0.0 -0.0 0.0 -0.0 0.0 -0.0 0.0 -0.0 0.0 -0.0 0.0 -0.0 0.0 -0.0 0.1 -0.1 0.1 -0.1 0.2 -0.2 0.0 -0.0 0.0 -0.0 0.0 -0.0 0.0 -0.0 0.0 -0.0 0.0 -0.0 0.1 -0.1 0.1 -0.1 0.2 -0.2 0.5 -0.5 0.5 -0.6 0.3 -0.3 0.0 -0.0 0.0 -0.0 0.0 -0.0 0.1 -0.1 0.0 -0.0 0.0 -0.0 0.0 -0.0 -0.0 0.0 0.0 -0.0 0.0 0.0 0.5 -0.4 9.6 -8.7 0.0 0.0 0.1 -0.1 -0.1 0.1 -0.2 0.2 0.2 -0.2 0.4 -0.4 1.9 -1.9 2.0 -2.0 0.3 -0.3 0.0 -0.0 0.5 -0.5 1.8 -1.8 0.0 -0.0
 516 556 5.80e-02 0.98 2 -1 0.99 1.02 0.97 0.89 0.64 6.6 -6.1 0.1 -0.1 0.0 -0.0 0.0 -0.1 0.3 -0.4 0.3 -0.3 0.0 -0.0 0.5 -0.5 0.2 -0.2 0.4 -0.4 0.4 -0.4 1.1 -1.1 1.5 -1.5 0.1 -0.1 0.2 -0.2 0.9 -0.9 1.5 -1.5 0.7 -0.7 0.9 -0.9 1.4 -1.4 0.6 -0.6 0.0 -0.0 0.0 -0.0 0.0 -0.0 0.0 -0.0 0.0 -0.0 0.0 -0.0 0.0 -0.0 0.0 -0.0 0.1 -0.1 0.0 -0.1 0.2 -0.2 0.0 -0.0 0.0 -0.0 0.0 -0.0 0.0 -0.0 0.0 -0.0 0.0 -0.0 0.1 -0.1 0.1 -0.1 0.2 -0.2 0.6 -0.6 0.6 -0.7 0.6 -0.6 0.0 -0.0 0.0 -0.0 0.0 -0.0 0.0 -0.1 0.0 -0.0 0.1 -0.1 0.1 -0.1 -0.0 0.0 0.0 -0.0 0.0 0.0 0.6 -0.6 9.4 -8.5 0.0 0.0 0.7 -0.8 -0.1 0.1 0.0 -0.0 0.1 -0.1 0.4 -0.4 1.8 -1.8 2.3 -2.3 0.3 -0.3 0.1 -0.1 0.5 -0.5 1.8 -1.8 0.0 -0.0
 556 598 2.68e-02 0.98 2 -1 0.99 1.03 0.97 1.2 0.56 7.5 -7.1 0.1 -0.1 0.0 -0.0 0.0 -0.1 0.4 -0.4 0.3 -0.3 0.0 -0.0 0.5 -0.6 0.2 -0.2 0.4 -0.4 0.4 -0.5 1.2 -1.2 1.7 -1.7 0.1 -0.1 0.3 -0.3 1.2 -1.2 1.9 -1.9 1.0 -1.0 1.2 -1.2 1.9 -1.9 0.8 -0.8 0.0 -0.0 0.0 -0.0 0.0 -0.1 0.0 -0.0 0.0 -0.0 0.0 -0.0 0.0 -0.0 0.0 -0.0 0.1 -0.1 0.0 -0.0 0.2 -0.2 0.0 -0.0 0.0 -0.0 0.0 -0.0 0.0 -0.0 0.0 -0.0 0.0 -0.0 0.1 -0.1 0.1 -0.1 0.2 -0.3 0.6 -0.6 0.7 -0.7 0.9 -0.9 0.0 -0.0 0.0 -0.0 0.0 -0.0 0.0 -0.1 0.0 -0.0 0.1 -0.1 0.1 -0.1 0.0 -0.0 0.0 -0.0 0.0 0.0 0.7 -0.9 9.3 -8.3 0.0 0.0 1.2 -1.2 -0.0 0.0 0.1 -0.1 0.0 -0.0 0.4 -0.4 1.7 -1.7 2.5 -2.5 0.3 -0.3 0.0 -0.0 0.5 -0.5 1.8 -1.8 0.0 -0.0
 598 642 1.24e-02 0.98 2 -1 0.99 1.03 0.96 1.8 0.54 8.8 -7.9 0.1 -0.1 0.0 -0.0 0.1 -0.1 0.4 -0.4 0.3 -0.3 0.0 -0.0 0.6 -0.6 0.2 -0.2 0.4 -0.4 0.5 -0.5 1.2 -1.2 2.0 -1.9 0.2 -0.2 0.4 -0.4 1.5 -1.5 2.3 -2.3 1.4 -1.4 1.6 -1.6 2.5 -2.5 1.1 -1.2 0.0 -0.0 0.0 -0.0 0.0 -0.1 0.0 -0.0 0.0 -0.0 0.0 -0.0 0.0 -0.0 0.0 -0.1 0.1 -0.1 0.0 -0.0 0.2 -0.2 0.0 -0.0 0.0 -0.0 0.0 -0.0 0.0 -0.0 0.0 -0.0 0.0 -0.0 0.1 -0.1 0.1 -0.1 0.3 -0.3 0.7 -0.7 0.7 -0.7 1.2 -1.2 0.0 -0.0 0.0 -0.0 0.0 -0.0 0.0 -0.1 0.0 -0.0 0.1 -0.1 0.2 -0.2 0.0 -0.0 0.0 -0.0 0.0 0.0 0.8 -0.8 9.2 -8.3 0.0 0.0 1.1 -1.1 -0.0 0.0 0.1 -0.1 -0.0 0.0 0.4 -0.4 1.6 -1.5 2.8 -2.8 0.3 -0.3 0.0 -0.0 0.5 -0.5 1.8 -1.8 0.0 -0.0
 642 688 5.53e-03 0.98 2 -1 0.99 1.03 0.96 2.6 0.63 9.1 -8.5 0.1 -0.1 0.0 -0.0 0.1 -0.1 0.4 -0.5 0.3 -0.3 0.0 -0.0 0.6 -0.6 0.2 -0.2 0.4 -0.4 0.5 -0.5 1.2 -1.2 2.1 -2.1 0.2 -0.2 0.5 -0.5 1.8 -1.8 2.7 -2.6 1.7 -1.8 1.9 -1.9 3.1 -3.1 1.5 -1.5 0.0 -0.0 0.0 -0.0 0.0 -0.1 0.0 -0.0 0.0 -0.0 0.0 -0.0 0.0 -0.0 0.0 -0.1 0.1 -0.1 0.0 -0.0 0.2 -0.2 0.1 -0.1 0.0 -0.0 0.0 -0.0 0.0 -0.0 0.0 -0.0 0.0 -0.0 0.1 -0.1 0.1 -0.1 0.3 -0.3 0.7 -0.7 0.6 -0.6 1.4 -1.5 0.0 -0.0 0.0 -0.0 0.0 -0.0 0.0 -0.0 0.0 -0.0 0.2 -0.2 0.3 -0.3 0.1 -0.1 0.0 -0.0 0.0 0.0 0.9 -0.8 9.1 -8.3 0.0 0.0 0.7 -0.7 -0.0 0.0 0.2 -0.1 -0.0 0.0 0.4 -0.4 1.4 -1.4 3.0 -3.0 0.3 -0.3 0.1 -0.1 0.5 -0.5 1.8 -1.8 0.0 -0.0
 688 736 2.34e-03 0.98 2 -1 0.99 1.03 0.96 3.8 0.79 9.9 -9.0 0.1 -0.1 0.0 -0.0 0.1 -0.1 0.5 -0.5 0.3 -0.3 0.0 -0.0 0.7 -0.7 0.2 -0.3 0.4 -0.4 0.6 -0.5 1.3 -1.3 2.3 -2.3 0.2 -0.2 0.6 -0.6 2.2 -2.2 3.1 -3.1 2.2 -2.2 2.3 -2.3 3.7 -3.8 1.8 -1.9 0.0 -0.0 0.0 -0.0 0.1 -0.1 0.0 -0.0 0.0 -0.0 0.0 -0.0 0.0 -0.0 0.1 -0.1 0.1 -0.1 0.0 -0.0 0.2 -0.2 0.1 -0.1 0.0 -0.0 0.0 -0.0 0.0 -0.0 0.0 -0.0 0.0 -0.0 0.1 -0.1 0.1 -0.1 0.3 -0.3 0.8 -0.8 0.6 -0.6 1.6 -1.7 0.0 -0.0 0.0 -0.0 0.0 -0.0 0.0 -0.0 0.0 -0.0 0.2 -0.2 0.4 -0.4 0.2 -0.2 0.1 -0.1 0.0 0.0 0.9 -0.8 9.1 -8.4 0.0 0.0 0.2 -0.2 -0.0 0.0 0.2 -0.1 -0.0 0.0 0.4 -0.4 1.3 -1.2 3.2 -3.2 0.3 -0.3 0.2 -0.2 0.5 -0.5 1.8 -1.8 0.0 -0.0
 736 894 4.50e-04 0.98 2 -1 0.99 1.04 0.95 5.7 0.68 12 -12 0.0 -0.0 0.0 -0.0 0.1 -0.1 0.6 -0.6 0.3 -0.3 0.0 -0.0 0.8 -0.8 0.3 -0.3 0.4 -0.4 0.6 -0.7 1.3 -1.4 2.7 -2.7 0.3 -0.3 0.9 -0.9 2.8 -2.8 3.9 -3.9 3.0 -3.0 3.1 -3.1 5.0 -5.1 2.6 -2.6 0.0 -0.0 0.0 -0.0 0.1 -0.1 0.0 -0.0 0.0 -0.0 0.0 -0.0 0.0 -0.0 0.0 -0.1 0.1 -0.1 0.0 -0.0 0.2 -0.2 0.1 -0.1 0.0 -0.0 0.0 -0.0 0.0 -0.0 0.0 -0.0 0.0 -0.0 0.0 -0.0 0.1 -0.1 0.4 -0.4 0.9 -1.0 0.6 -0.6 1.9 -2.0 0.0 -0.0 0.0 -0.0 0.0 -0.0 0.0 -0.0 0.0 -0.0 0.2 -0.2 0.6 -0.7 0.4 -0.4 0.1 -0.1 0.0 0.0 1.3 -1.6 9.3 -8.9 0.0 0.0 -0.3 0.3 -0.0 0.0 0.1 -0.1 -0.0 0.0 0.4 -0.4 1.0 -1.0 3.4 -3.4 0.3 -0.3 0.0 -0.0 0.5 -0.5 1.8 -1.8 0.0 -0.0
 894 1992 2.80e-06 0.99 2 -1 0.99 1.05 0.94 28 3.6 16 -15 0.0 -0.1 0.0 -0.0 0.2 -0.1 1.4 -0.9 0.9 -0.3 0.0 -0.0 1.8 -1.3 0.7 -0.2 1.1 -0.5 1.4 -0.9 2.6 -1.8 5.4 -4.6 0.9 -0.3 2.6 -1.9 6.4 -5.3 8.6 -6.8 7.7 -6.0 7.7 -6.0 12 -9.6 7.0 -5.6 0.0 0.0 0.0 -0.0 0.5 -0.3 0.0 -0.0 0.0 -0.0 0.0 -0.0 0.0 -0.1 0.0 -0.1 0.3 -0.2 0.0 -0.0 0.4 -0.2 0.2 -0.1 0.0 -0.0 0.0 -0.0 0.0 0.0 0.0 -0.1 0.0 -0.0 0.0 -0.0 0.1 -0.1 1.1 -0.8 2.2 -1.4 1.7 -1.2 3.6 -2.5 0.0 0.0 0.0 0.0 0.0 -0.0 0.0 -0.0 0.0 -0.0 0.3 -0.1 1.8 -1.4 1.9 -1.5 0.8 -0.3 0.0 0.0 3.5 -2.8 13 -12 0.0 0.0 3.8 -3.0 -0.0 0.0 0.1 -0.1 -0.0 0.0 0.5 -0.2 1.3 -0.8 8.0 -8.0 0.3 -0.3 9.2 -9.2 0.5 -0.5 1.8 -1.8 0.0 -0.0
