Measured double-differential inclusive-jet cross section for the range 1.0 <= |y| < 1.5 and jet radius parameter R = 0.6
ABS(YRAP(JET)) : < 3.0
PT(JET) IN GEV : > 100
R : 0.6
RE : P P --> JET X
SQRT(S) : 7000.0 GeV
ABS(YRAP) : 1.0 - 1.5
x: PT(JET) IN GEV
y : D2(SIG)/DPT(JET)/DYRAP IN PB*GEV*-1
xlow xhigh y  NPC +u_NPC -u_NPC EWC EWC_tree EWC_loop +-stat1 +-stat2 +sys1 -sys1 +sys2 -sys2 +sys3 -sys3 +sys4 -sys4 +sys5 -sys5 +sys6 -sys6 +sys7 -sys7 +sys8 -sys8 +sys9 -sys9 +sys10 -sys10 +sys11 -sys11 +sys12 -sys12 +sys13 -sys13 +sys14 -sys14 +sys15 -sys15 +sys16 -sys16 +sys17 -sys17 +sys18 -sys18 +sys19 -sys19 +sys20 -sys20 +sys21 -sys21 +sys22 -sys22 +sys23 -sys23 +sys24 -sys24 +sys25 -sys25 +sys26 -sys26 +sys27 -sys27 +sys28 -sys28 +sys29 -sys29 +sys30 -sys30 +sys31 -sys31 +sys32 -sys32 +sys33 -sys33 +sys34 -sys34 +sys35 -sys35 +sys36 -sys36 +sys37 -sys37 +sys38 -sys38 +sys39 -sys39 +sys40 -sys40 +sys41 -sys41 +sys42 -sys42 +sys43 -sys43 +sys44 -sys44 +sys45 -sys45 +sys46 -sys46 +sys47 -sys47 +sys48 -sys48 +sys49 -sys49 +sys50 -sys50 +sys51 -sys51 +sys52 -sys52 +sys53 -sys53 +sys54 -sys54 +sys55 -sys55 +sys56 -sys56 +sys57 -sys57 +sys58 -sys58 +sys59 -sys59 +sys60 -sys60 +sys61 -sys61 +sys62 -sys62 +sys63 -sys63 +sys64 -sys64 +sys65 -sys65 +sys66 -sys66 +sys67 -sys67 +sys68 -sys68 +sys69 -sys69
 100 116 4.20e+03 0.97 9 -0 1.00 1.00 1.00 0.72 0.81 3.1 -3.1 1.1 -1.0 0.1 -0.0 0.6 -0.5 1.9 -1.8 -0.0 0.0 0.1 -0.1 0.9 -0.8 0.1 -0.1 0.6 -0.5 0.5 -0.4 1.2 -1.1 0.9 -0.8 -0.0 0.0 -0.0 0.0 -0.0 0.0 0.0 -0.0 -0.0 0.0 -0.0 0.0 -0.0 0.0 -0.0 0.0 0.1 -0.0 0.1 -0.0 0.1 -0.0 0.1 -0.1 0.1 -0.1 0.4 -0.3 0.6 -0.5 0.7 -0.5 0.4 -0.3 0.0 -0.0 -0.0 0.0 0.0 -0.0 0.0 -0.0 0.1 -0.1 0.1 -0.1 0.1 -0.1 0.0 -0.0 -0.0 0.0 -0.0 0.0 0.0 -0.0 0.0 -0.0 0.0 -0.0 0.0 -0.0 0.0 -0.0 0.0 -0.0 -0.0 0.0 -0.0 0.0 -0.0 0.0 0.0 -0.0 0.0 -0.0 0.0 -0.0 0.0 -0.0 0.0 0.0 0.7 -0.6 5.1 -5.2 0.0 -0.0 -3.4 3.4 -0.8 0.9 -1.7 1.7 1.4 -1.5 0.6 -0.5 6.8 -6.5 7.4 -7.4 0.5 -0.5 0.4 -0.4 0.5 -0.5 1.8 -1.8 0.0 -0.0
 116 134 1.95e+03 0.97 9 -0 1.00 1.00 1.00 0.84 0.64 3.2 -3.0 0.9 -0.8 0.0 -0.0 0.4 -0.4 1.7 -1.5 -0.1 0.0 0.0 -0.0 0.7 -0.6 0.1 -0.1 0.5 -0.4 0.4 -0.3 1.1 -1.0 0.7 -0.7 0.0 -0.0 0.0 -0.0 -0.0 0.0 -0.0 0.0 0.0 -0.0 -0.0 0.0 0.0 -0.0 -0.0 0.0 0.0 -0.0 0.0 -0.0 0.0 -0.0 0.1 -0.1 0.1 -0.1 0.2 -0.2 0.3 -0.3 0.5 -0.4 0.4 -0.4 0.1 -0.1 -0.0 0.0 0.0 -0.0 0.0 -0.0 0.1 -0.1 0.1 -0.0 0.1 -0.1 0.0 -0.0 -0.0 0.0 -0.0 0.0 0.0 -0.0 0.0 -0.0 0.0 -0.0 0.0 -0.0 0.0 -0.0 0.0 -0.0 0.0 -0.0 -0.0 0.0 -0.0 0.0 0.0 -0.0 0.0 -0.0 0.0 -0.0 0.0 -0.0 0.0 0.0 0.6 -0.5 5.5 -5.5 0.0 -0.0 -3.1 3.3 -0.7 0.7 -1.4 1.6 1.3 -1.2 0.5 -0.4 6.1 -5.9 5.9 -5.9 0.3 -0.3 0.3 -0.3 0.5 -0.5 1.8 -1.8 0.0 -0.0
 134 152 9.37e+02 0.97 8 -0 1.00 1.00 1.00 0.86 0.46 3.3 -3.0 0.7 -0.6 0.0 -0.0 0.3 -0.3 1.4 -1.3 -0.0 0.1 0.0 -0.0 0.6 -0.5 0.1 -0.1 0.4 -0.4 0.3 -0.3 1.0 -0.9 0.6 -0.5 0.0 -0.0 0.0 -0.0 -0.0 0.0 -0.0 0.0 0.0 -0.0 0.0 -0.0 0.0 -0.0 0.0 -0.0 0.0 -0.0 0.0 -0.0 0.0 -0.0 0.0 -0.0 0.0 -0.0 0.1 -0.1 0.2 -0.2 0.4 -0.3 0.4 -0.4 0.3 -0.2 -0.0 0.0 0.0 -0.0 0.0 -0.0 0.0 -0.0 0.0 -0.0 0.1 -0.1 0.0 -0.0 -0.0 0.0 -0.0 0.0 -0.0 0.0 0.0 -0.0 0.0 -0.0 0.0 -0.0 0.0 -0.0 0.0 -0.0 0.0 -0.0 -0.0 0.0 -0.0 0.0 0.0 -0.0 0.0 -0.0 0.0 -0.0 0.0 -0.0 0.0 0.0 0.5 -0.5 5.7 -5.6 0.0 -0.0 -2.7 2.9 -0.5 0.6 -1.2 1.3 1.1 -1.0 0.4 -0.3 5.6 -5.3 4.6 -4.6 0.3 -0.3 0.0 -0.0 0.5 -0.5 1.8 -1.8 0.0 -0.0
 152 172 4.64e+02 0.97 7 -0 1.00 1.00 0.99 0.68 0.39 3.3 -3.2 0.6 -0.6 0.0 -0.0 0.3 -0.3 1.3 -1.2 0.0 -0.0 0.0 -0.0 0.5 -0.5 0.1 -0.1 0.4 -0.4 0.3 -0.3 0.9 -0.9 0.5 -0.5 0.1 -0.1 0.0 -0.0 0.0 -0.0 -0.0 0.0 0.1 -0.1 0.0 -0.0 0.0 -0.1 0.0 -0.1 0.0 -0.0 0.0 -0.0 0.0 -0.0 0.0 -0.0 0.0 -0.0 0.1 -0.1 0.1 -0.1 0.2 -0.3 0.4 -0.4 0.4 -0.4 0.0 -0.0 0.0 -0.0 0.0 -0.0 0.0 -0.0 0.0 -0.0 0.1 -0.1 0.1 -0.1 0.0 -0.0 -0.0 0.0 -0.0 0.0 -0.0 0.0 0.0 -0.0 0.0 -0.0 0.0 -0.0 0.0 -0.0 0.0 -0.0 -0.0 0.0 -0.0 0.0 0.0 -0.0 0.0 -0.0 0.0 -0.0 0.0 -0.0 0.0 0.0 0.5 -0.5 5.7 -5.5 0.0 -0.0 -2.4 2.6 -0.5 0.5 -1.1 1.2 1.0 -0.9 0.3 -0.3 5.1 -4.8 3.8 -3.8 0.2 -0.2 0.0 -0.0 0.5 -0.5 1.8 -1.8 0.0 -0.0
 172 194 2.32e+02 0.97 7 -0 1.00 1.01 0.99 0.56 0.40 3.5 -3.3 0.5 -0.5 0.0 -0.0 0.3 -0.3 1.1 -1.1 0.1 -0.1 0.0 -0.0 0.4 -0.4 0.1 -0.1 0.4 -0.4 0.3 -0.3 0.8 -0.8 0.5 -0.5 0.1 -0.1 0.0 -0.0 0.0 -0.0 -0.0 0.0 0.1 -0.1 0.1 -0.1 0.1 -0.1 0.1 -0.1 0.0 -0.0 0.0 -0.0 0.0 -0.0 0.0 -0.0 0.0 -0.0 0.0 -0.0 0.1 -0.1 0.2 -0.2 0.3 -0.3 0.4 -0.5 0.1 -0.1 0.0 -0.0 0.0 -0.0 0.0 -0.0 0.0 -0.0 0.1 -0.1 0.1 -0.1 0.1 -0.1 -0.0 0.0 -0.0 0.0 -0.0 0.0 0.0 -0.0 0.0 -0.0 0.0 -0.0 0.0 -0.0 0.0 -0.0 -0.0 0.0 -0.0 0.0 0.0 -0.0 0.0 -0.0 0.0 -0.0 0.0 -0.0 0.0 0.0 0.4 -0.5 5.8 -5.4 0.0 -0.0 -2.3 2.4 -0.5 0.5 -1.1 1.1 0.9 -0.8 0.3 -0.3 4.6 -4.4 3.3 -3.3 0.2 -0.2 0.0 -0.0 0.5 -0.5 1.8 -1.8 0.0 -0.0
 194 216 1.20e+02 0.97 6 -0 1.00 1.01 0.99 0.71 0.44 3.6 -3.6 0.4 -0.4 0.0 -0.0 0.2 -0.2 1.0 -1.0 0.2 -0.2 0.0 -0.0 0.4 -0.4 0.1 -0.1 0.3 -0.3 0.3 -0.3 0.8 -0.8 0.5 -0.5 0.1 -0.1 0.1 -0.1 0.1 -0.1 -0.0 0.0 0.2 -0.2 0.1 -0.1 0.1 -0.2 0.1 -0.2 0.0 -0.0 0.0 -0.0 0.0 -0.0 0.0 -0.0 0.0 -0.0 0.0 -0.0 0.1 -0.1 0.1 -0.1 0.3 -0.3 0.4 -0.4 0.1 -0.1 0.0 -0.0 0.0 -0.0 0.0 -0.0 0.0 -0.0 0.1 -0.1 0.1 -0.1 0.1 -0.1 0.0 -0.1 -0.0 0.0 -0.0 0.0 0.0 -0.0 0.0 -0.0 0.0 -0.0 0.0 -0.0 0.0 -0.0 -0.0 0.0 -0.0 0.0 0.0 -0.0 0.0 -0.0 0.0 -0.0 0.0 -0.0 0.0 0.0 0.4 -0.4 5.6 -5.4 0.0 -0.0 -2.2 2.2 -0.5 0.5 -1.0 1.0 1.0 -0.9 0.3 -0.3 4.2 -4.0 2.9 -2.9 0.2 -0.2 0.0 -0.0 0.5 -0.5 1.8 -1.8 0.0 -0.0
 216 240 6.36e+01 0.97 6 -0 1.00 1.01 0.99 0.55 0.44 3.7 -3.9 0.4 -0.4 0.0 -0.0 0.2 -0.2 0.8 -0.8 0.3 -0.3 0.0 -0.0 0.4 -0.4 0.1 -0.1 0.3 -0.3 0.2 -0.3 0.8 -0.8 0.6 -0.6 0.1 -0.1 0.1 -0.1 0.1 -0.1 0.0 -0.0 0.2 -0.2 0.1 -0.2 0.2 -0.3 0.2 -0.2 0.0 -0.0 0.0 -0.0 0.0 -0.0 0.0 -0.0 0.0 -0.0 0.0 -0.0 0.0 -0.1 0.1 -0.1 0.2 -0.2 0.4 -0.4 0.2 -0.2 0.0 -0.0 0.0 -0.0 0.0 -0.0 0.0 -0.0 0.1 -0.1 0.1 -0.1 0.1 -0.1 0.1 -0.1 0.0 -0.0 -0.0 0.0 -0.0 0.0 0.0 -0.0 0.0 -0.0 0.0 -0.0 0.0 -0.0 -0.0 0.0 -0.0 0.0 0.0 -0.0 0.0 -0.0 0.0 -0.0 0.0 -0.0 0.0 0.0 0.3 -0.4 5.4 -5.2 0.0 -0.0 -1.9 1.9 -0.4 0.4 -0.9 0.9 1.0 -1.1 0.3 -0.3 3.8 -3.7 2.6 -2.6 0.1 -0.1 0.0 -0.0 0.5 -0.5 1.8 -1.8 0.0 -0.0
 240 264 3.51e+01 0.98 5 -0 1.00 1.01 0.99 0.70 0.42 3.9 -4.0 0.3 -0.3 0.0 -0.0 0.2 -0.2 0.7 -0.7 0.3 -0.3 0.0 -0.0 0.4 -0.4 0.1 -0.1 0.2 -0.2 0.3 -0.3 0.8 -0.8 0.6 -0.6 0.1 -0.1 0.1 -0.1 0.2 -0.2 0.1 -0.1 0.2 -0.2 0.2 -0.2 0.3 -0.3 0.2 -0.2 0.0 -0.0 0.0 -0.0 0.0 -0.0 0.0 -0.0 0.0 -0.0 0.0 -0.0 0.0 -0.0 0.1 -0.1 0.2 -0.2 0.3 -0.3 0.2 -0.2 0.0 -0.0 0.0 -0.0 0.0 -0.0 0.0 -0.0 0.0 -0.0 0.1 -0.1 0.2 -0.1 0.2 -0.2 0.0 -0.0 -0.0 0.0 -0.0 0.0 0.0 -0.0 0.0 -0.0 0.0 -0.0 0.0 -0.0 -0.0 0.0 -0.0 0.0 0.0 -0.0 0.0 -0.0 0.0 -0.0 0.0 -0.0 0.0 0.0 0.4 -0.3 5.1 -4.9 0.0 -0.0 -1.7 1.8 -0.4 0.4 -0.8 0.9 1.1 -1.1 0.3 -0.3 3.5 -3.4 2.5 -2.5 0.1 -0.1 0.0 -0.0 0.5 -0.5 1.8 -1.8 0.0 -0.0
 264 290 1.98e+01 0.98 5 -0 1.00 1.01 0.99 0.93 0.40 4.1 -3.9 0.3 -0.3 0.0 -0.0 0.1 -0.1 0.6 -0.6 0.3 -0.3 0.0 -0.0 0.4 -0.3 0.1 -0.1 0.2 -0.2 0.3 -0.3 0.8 -0.8 0.7 -0.7 0.1 -0.1 0.1 -0.1 0.2 -0.2 0.1 -0.1 0.3 -0.3 0.2 -0.2 0.4 -0.4 0.3 -0.2 0.0 -0.0 0.0 -0.0 0.0 -0.0 0.0 -0.0 0.0 -0.0 0.0 -0.0 0.0 -0.0 0.1 -0.1 0.1 -0.1 0.2 -0.2 0.2 -0.2 0.0 -0.0 0.0 -0.0 0.0 -0.0 0.0 -0.0 0.0 -0.0 0.1 -0.1 0.1 -0.1 0.2 -0.2 0.1 -0.1 -0.0 0.0 -0.0 0.0 -0.0 0.0 0.0 -0.0 -0.0 0.0 0.0 -0.0 -0.0 0.0 0.0 -0.0 0.0 -0.0 0.0 -0.0 0.0 -0.0 0.0 -0.0 0.0 0.0 0.3 -0.3 4.7 -4.4 0.0 -0.0 -1.6 1.7 -0.4 0.4 -0.8 0.9 1.1 -1.1 0.2 -0.2 3.2 -3.1 2.4 -2.4 0.2 -0.2 0.0 -0.0 0.5 -0.5 1.8 -1.8 0.0 -0.0
 290 318 1.12e+01 0.98 5 -0 1.00 1.01 0.99 1.2 0.52 4.2 -3.9 0.2 -0.2 0.0 -0.0 0.1 -0.1 0.5 -0.5 0.3 -0.3 0.0 -0.0 0.3 -0.3 0.1 -0.1 0.1 -0.1 0.3 -0.3 0.8 -0.8 0.8 -0.7 0.1 -0.1 0.1 -0.1 0.2 -0.2 0.2 -0.2 0.3 -0.3 0.3 -0.3 0.4 -0.4 0.3 -0.3 0.0 -0.0 0.0 -0.0 0.0 -0.1 0.0 -0.0 0.0 -0.0 0.0 -0.0 0.0 -0.0 0.0 -0.0 0.1 -0.1 0.1 -0.2 0.2 -0.2 0.0 -0.0 0.0 -0.0 0.0 -0.0 0.0 -0.0 0.0 -0.0 0.0 -0.1 0.1 -0.1 0.2 -0.2 0.1 -0.2 0.0 -0.0 -0.0 0.1 -0.0 0.0 0.0 -0.0 -0.0 0.0 0.0 -0.0 0.0 -0.0 0.0 -0.0 0.0 -0.0 0.0 -0.0 0.0 -0.0 0.0 -0.0 0.0 0.0 0.3 -0.3 4.4 -4.0 0.0 -0.0 -1.7 1.7 -0.4 0.4 -0.9 0.9 1.1 -1.1 0.2 -0.2 2.9 -2.8 2.4 -2.4 0.1 -0.1 0.0 -0.0 0.5 -0.5 1.8 -1.8 0.0 -0.0
 318 346 6.37e+00 0.98 4 -0 1.00 1.01 0.98 1.1 0.57 4.2 -4.0 0.2 -0.2 0.0 -0.0 0.1 -0.1 0.4 -0.4 0.3 -0.3 0.0 -0.0 0.3 -0.3 0.1 -0.1 0.1 -0.1 0.3 -0.3 0.9 -0.8 0.8 -0.8 0.1 -0.1 0.1 -0.1 0.3 -0.3 0.3 -0.3 0.3 -0.3 0.4 -0.4 0.4 -0.4 0.3 -0.3 0.0 -0.0 0.0 -0.0 0.0 -0.1 0.0 -0.0 0.0 -0.0 0.0 -0.0 0.0 -0.0 0.0 -0.0 0.1 -0.1 0.1 -0.1 0.2 -0.2 0.0 -0.0 0.0 -0.0 0.0 -0.0 0.0 -0.0 0.0 -0.0 0.0 -0.0 0.1 -0.1 0.2 -0.2 0.2 -0.2 0.1 -0.1 -0.0 0.0 -0.0 0.0 0.0 -0.0 -0.0 0.0 0.0 -0.0 0.0 -0.0 0.0 -0.0 0.0 -0.0 0.0 -0.0 0.0 -0.0 0.0 -0.0 0.0 0.0 0.3 -0.3 4.2 -3.8 0.0 -0.0 -1.7 1.7 -0.4 0.4 -0.9 1.0 1.0 -1.0 0.2 -0.2 2.6 -2.5 2.3 -2.3 0.1 -0.1 0.0 -0.0 0.5 -0.5 1.8 -1.8 0.0 -0.0
 346 376 3.71e+00 0.98 4 -0 1.00 1.02 0.98 0.59 0.65 4.1 -4.0 0.1 -0.2 0.0 -0.0 0.1 -0.1 0.4 -0.4 0.3 -0.2 0.0 -0.0 0.3 -0.3 0.1 -0.1 0.1 -0.1 0.3 -0.3 0.9 -0.9 0.9 -0.9 0.1 -0.1 0.1 -0.2 0.3 -0.3 0.3 -0.3 0.3 -0.3 0.4 -0.4 0.5 -0.5 0.3 -0.3 0.0 -0.0 0.0 -0.0 0.0 -0.1 0.0 -0.0 0.0 -0.0 0.0 -0.0 0.0 -0.0 0.0 -0.0 0.1 -0.1 0.1 -0.1 0.1 -0.2 0.0 -0.0 0.0 -0.0 0.0 -0.0 0.0 -0.0 0.0 -0.0 0.0 -0.0 0.1 -0.1 0.2 -0.2 0.2 -0.2 0.2 -0.2 0.0 -0.0 -0.0 0.0 0.0 -0.0 -0.0 0.0 0.0 -0.0 0.0 -0.0 0.0 -0.0 0.0 -0.0 -0.0 0.0 0.0 -0.0 0.0 -0.0 0.0 0.0 0.3 -0.3 4.0 -3.7 0.0 -0.0 -1.6 1.6 -0.4 0.5 -1.0 1.1 0.9 -0.9 0.2 -0.2 2.3 -2.2 2.2 -2.2 0.1 -0.1 0.0 -0.0 0.5 -0.5 1.8 -1.8 0.0 -0.0
 376 408 2.15e+00 0.98 4 -0 1.00 1.02 0.98 0.35 0.52 4.1 -4.1 0.1 -0.1 0.0 -0.0 0.1 -0.1 0.3 -0.3 0.2 -0.2 0.0 -0.0 0.4 -0.3 0.1 -0.1 0.1 -0.1 0.3 -0.3 1.0 -0.9 1.0 -0.9 0.1 -0.1 0.2 -0.2 0.4 -0.3 0.4 -0.4 0.3 -0.3 0.5 -0.4 0.5 -0.5 0.3 -0.3 0.0 -0.0 0.0 -0.0 0.0 -0.1 0.0 -0.0 0.0 -0.0 0.0 -0.0 0.0 -0.0 0.0 -0.0 0.1 -0.1 0.1 -0.1 0.1 -0.1 0.0 -0.0 0.0 -0.0 0.0 -0.0 0.0 -0.0 0.0 -0.0 0.0 -0.0 0.1 -0.1 0.2 -0.2 0.3 -0.2 0.3 -0.3 0.1 -0.1 -0.1 0.1 0.0 -0.0 -0.0 0.0 0.0 -0.0 0.1 -0.1 0.0 -0.0 0.0 -0.0 -0.0 0.0 -0.0 0.0 -0.0 0.0 0.0 0.0 0.4 -0.3 3.9 -3.7 0.0 -0.0 -1.3 1.4 -0.4 0.5 -1.0 1.1 0.7 -0.7 0.2 -0.2 2.0 -1.9 2.2 -2.2 0.1 -0.1 0.0 -0.0 0.5 -0.5 1.8 -1.8 0.0 -0.0
 408 442 1.23e+00 0.98 4 -0 1.00 1.02 0.98 0.39 0.50 4.0 -4.2 0.1 -0.1 0.0 -0.0 0.1 -0.1 0.3 -0.3 0.2 -0.2 0.0 -0.0 0.3 -0.3 0.1 -0.1 0.1 -0.1 0.3 -0.3 0.9 -0.9 1.0 -0.9 0.1 -0.1 0.2 -0.2 0.4 -0.4 0.4 -0.4 0.3 -0.3 0.5 -0.4 0.5 -0.5 0.3 -0.3 0.0 -0.0 0.0 -0.0 0.0 -0.0 0.0 -0.0 0.0 -0.0 0.0 -0.0 0.0 -0.0 0.0 -0.0 0.1 -0.1 0.1 -0.1 0.1 -0.1 0.0 -0.0 0.0 -0.0 0.0 -0.0 0.0 -0.0 0.0 -0.0 0.0 -0.0 0.1 -0.1 0.1 -0.1 0.2 -0.2 0.4 -0.4 0.2 -0.3 -0.1 0.0 0.0 -0.0 -0.0 0.0 0.0 -0.0 0.1 -0.1 0.0 -0.0 0.0 -0.0 -0.0 0.0 -0.0 0.0 -0.0 0.0 0.0 0.0 0.3 -0.3 3.7 -3.6 0.0 -0.0 -0.7 0.8 -0.3 0.4 -0.7 0.8 0.5 -0.5 0.2 -0.2 1.8 -1.7 2.1 -2.1 0.1 -0.1 0.0 -0.0 0.5 -0.5 1.8 -1.8 0.0 -0.0
 442 478 7.13e-01 0.98 3 -0 1.00 1.02 0.98 0.41 0.40 4.4 -4.1 0.1 -0.1 0.0 -0.0 0.1 -0.1 0.3 -0.2 0.1 -0.1 0.0 -0.0 0.3 -0.3 0.1 -0.1 0.1 -0.1 0.3 -0.3 0.9 -0.9 1.0 -1.0 0.1 -0.1 0.2 -0.2 0.4 -0.4 0.4 -0.4 0.3 -0.3 0.5 -0.5 0.6 -0.6 0.4 -0.4 0.0 -0.0 0.0 -0.0 0.0 -0.0 0.0 -0.0 0.0 -0.0 0.0 -0.0 0.0 -0.0 0.0 -0.0 0.1 -0.1 0.1 -0.1 0.1 -0.1 0.0 -0.0 0.0 -0.0 0.0 -0.0 0.0 -0.0 0.0 -0.0 0.0 -0.0 0.1 -0.1 0.1 -0.1 0.2 -0.2 0.4 -0.4 0.4 -0.4 0.0 -0.0 0.0 -0.0 -0.0 0.0 0.0 -0.0 0.1 -0.1 0.0 -0.0 0.0 -0.0 -0.0 0.0 -0.0 0.0 -0.0 0.0 0.0 0.0 0.3 -0.3 3.6 -3.4 0.0 -0.0 -0.3 0.3 -0.2 0.2 -0.4 0.5 0.3 -0.3 0.2 -0.2 1.6 -1.5 2.2 -2.2 0.1 -0.1 0.0 -0.0 0.5 -0.5 1.8 -1.8 0.0 -0.0
 478 516 4.06e-01 0.98 3 -0 1.00 1.03 0.97 0.35 0.32 4.7 -4.4 0.1 -0.1 0.0 -0.0 0.0 -0.1 0.2 -0.2 0.1 -0.1 0.0 -0.0 0.3 -0.3 0.1 -0.1 0.1 -0.1 0.3 -0.3 0.9 -0.9 1.1 -1.0 0.1 -0.1 0.2 -0.2 0.5 -0.5 0.5 -0.5 0.3 -0.3 0.5 -0.5 0.8 -0.7 0.4 -0.4 0.0 -0.0 0.0 -0.0 0.0 -0.0 0.0 -0.0 0.0 -0.0 0.0 -0.0 0.0 -0.0 0.0 -0.0 0.0 -0.0 0.1 -0.1 0.1 -0.1 0.0 -0.0 0.0 -0.0 0.0 -0.0 0.0 -0.0 0.0 -0.0 0.0 -0.0 0.0 -0.0 0.1 -0.1 0.2 -0.2 0.4 -0.4 0.5 -0.5 0.2 -0.1 0.0 -0.0 -0.0 0.0 0.0 -0.0 0.1 -0.1 0.0 -0.0 0.0 -0.0 -0.0 0.0 -0.0 0.0 -0.0 0.0 0.0 0.0 0.3 -0.3 3.4 -3.2 0.0 -0.0 -0.1 0.1 -0.1 0.1 -0.1 0.2 0.1 -0.1 0.2 -0.2 1.5 -1.4 2.2 -2.2 0.1 -0.1 0.0 -0.0 0.5 -0.5 1.8 -1.8 0.0 -0.0
 516 556 2.29e-01 0.98 3 -0 1.00 1.03 0.97 0.44 0.30 5.2 -4.9 0.1 -0.1 0.0 -0.0 0.1 -0.1 0.2 -0.2 0.1 -0.1 0.0 -0.0 0.4 -0.3 0.1 -0.1 0.1 -0.1 0.3 -0.3 0.9 -0.8 1.2 -1.1 0.1 -0.1 0.2 -0.2 0.5 -0.5 0.6 -0.6 0.3 -0.3 0.6 -0.6 1.1 -1.1 0.5 -0.5 0.0 -0.0 0.0 -0.0 0.0 -0.0 0.0 -0.0 0.0 -0.0 0.0 -0.0 0.0 -0.0 0.0 -0.0 0.0 -0.0 0.0 -0.0 0.1 -0.1 0.0 -0.0 0.0 -0.0 0.0 -0.0 0.0 -0.0 0.0 -0.0 0.0 -0.0 0.0 -0.0 0.1 -0.1 0.2 -0.2 0.4 -0.4 0.5 -0.5 0.4 -0.4 0.0 -0.0 -0.0 0.0 0.0 -0.0 0.1 -0.1 0.0 -0.0 0.0 -0.0 0.0 -0.0 -0.0 0.0 -0.0 0.0 0.0 0.0 0.4 -0.4 3.3 -3.1 0.0 -0.0 -0.3 0.3 -0.1 0.1 0.1 -0.0 0.0 -0.0 0.2 -0.2 1.3 -1.3 2.3 -2.3 0.1 -0.1 0.0 -0.0 0.5 -0.5 1.8 -1.8 0.0 -0.0
 556 598 1.29e-01 0.98 3 -0 1.00 1.03 0.97 0.58 0.32 5.6 -5.1 0.1 -0.1 0.0 -0.0 0.1 -0.0 0.2 -0.2 0.1 -0.1 0.0 -0.0 0.4 -0.4 0.1 -0.1 0.1 -0.1 0.3 -0.3 0.8 -0.8 1.3 -1.2 0.1 -0.1 0.3 -0.3 0.6 -0.6 0.9 -0.9 0.4 -0.4 0.7 -0.7 1.6 -1.6 0.6 -0.6 0.0 -0.0 0.0 -0.0 0.1 -0.1 0.0 -0.0 0.0 -0.0 0.0 -0.0 0.0 -0.0 0.0 -0.0 0.0 -0.0 0.1 -0.0 0.1 -0.1 0.0 -0.0 0.0 -0.0 0.0 -0.0 0.0 -0.0 0.0 -0.0 0.0 -0.0 0.0 -0.0 0.1 -0.1 0.2 -0.2 0.4 -0.4 0.5 -0.5 0.7 -0.7 0.0 -0.0 -0.0 0.0 0.0 -0.0 0.1 -0.1 0.0 -0.0 0.1 -0.1 0.0 -0.0 -0.0 0.0 -0.0 0.0 0.0 0.0 0.3 -0.4 3.1 -2.9 0.0 -0.0 -0.6 0.6 -0.0 0.0 0.1 -0.1 0.0 -0.0 0.2 -0.2 1.2 -1.2 2.4 -2.4 0.1 -0.1 0.0 -0.0 0.5 -0.5 1.8 -1.8 0.0 -0.0
 598 642 7.17e-02 0.98 3 -0 1.00 1.03 0.97 0.75 0.28 5.8 -5.6 0.1 -0.1 0.0 -0.0 0.1 -0.1 0.2 -0.2 0.1 -0.1 0.0 -0.0 0.4 -0.4 0.1 -0.1 0.1 -0.1 0.4 -0.4 0.8 -0.8 1.4 -1.4 0.1 -0.1 0.4 -0.4 0.8 -0.8 1.2 -1.2 0.6 -0.6 0.8 -0.8 2.3 -2.4 0.8 -0.8 0.0 -0.0 0.0 -0.0 0.1 -0.1 0.0 -0.0 0.0 -0.0 0.0 -0.0 0.0 -0.0 0.0 -0.0 0.0 -0.0 0.1 -0.0 0.1 -0.1 0.0 -0.0 0.0 -0.0 0.0 -0.0 0.0 -0.0 0.0 -0.0 0.0 -0.0 0.0 -0.0 0.1 -0.1 0.2 -0.2 0.5 -0.5 0.4 -0.4 0.9 -0.9 0.0 -0.0 -0.0 0.0 0.0 -0.0 0.0 -0.0 0.0 -0.0 0.1 -0.1 0.1 -0.1 0.0 -0.0 0.0 -0.0 0.0 0.0 0.5 -0.4 2.9 -2.8 0.0 -0.0 -0.9 0.9 -0.0 0.0 0.1 -0.1 -0.0 0.0 0.2 -0.2 1.1 -1.1 2.4 -2.4 0.1 -0.1 0.0 -0.0 0.5 -0.5 1.8 -1.8 0.0 -0.0
 642 688 3.90e-02 0.98 3 -0 1.00 1.04 0.96 0.98 0.26 6.1 -6.0 0.1 -0.1 0.0 -0.0 0.1 -0.1 0.2 -0.2 0.1 -0.1 0.0 -0.0 0.4 -0.4 0.1 -0.1 0.1 -0.1 0.4 -0.4 0.8 -0.8 1.5 -1.5 0.1 -0.1 0.5 -0.5 1.0 -1.0 1.7 -1.7 0.8 -0.8 0.9 -1.0 3.2 -3.3 0.9 -1.0 0.0 -0.0 0.0 -0.0 0.1 -0.1 0.0 -0.0 0.0 -0.0 0.0 -0.0 0.0 -0.0 0.0 -0.0 0.0 -0.0 0.1 -0.1 0.1 -0.1 0.0 -0.0 0.0 -0.0 0.0 -0.0 0.0 -0.0 0.0 -0.0 0.0 -0.0 0.0 -0.0 0.1 -0.1 0.2 -0.2 0.5 -0.5 0.4 -0.4 1.2 -1.2 0.0 -0.0 -0.0 0.0 0.0 -0.0 0.0 -0.0 0.0 -0.0 0.1 -0.1 0.2 -0.2 0.1 -0.1 0.0 -0.0 0.0 0.0 0.5 -0.4 2.8 -2.8 0.0 -0.0 -1.0 1.0 -0.0 0.0 0.1 -0.1 -0.0 0.0 0.2 -0.2 1.0 -1.0 2.5 -2.5 0.1 -0.1 0.0 -0.0 0.5 -0.5 1.8 -1.8 0.0 -0.0
 688 736 2.13e-02 0.98 3 -0 1.00 1.04 0.96 1.3 0.28 6.6 -6.2 0.1 -0.1 0.0 -0.0 0.1 -0.1 0.2 -0.2 0.1 -0.1 0.0 -0.0 0.5 -0.5 0.1 -0.1 0.1 -0.1 0.4 -0.5 0.7 -0.8 1.6 -1.6 0.1 -0.1 0.7 -0.7 1.2 -1.2 2.2 -2.2 1.0 -1.1 1.1 -1.1 4.2 -4.3 1.1 -1.2 0.0 -0.0 0.0 -0.0 0.1 -0.1 0.0 -0.0 0.0 -0.0 0.0 -0.0 0.0 -0.0 0.1 -0.1 0.1 -0.0 0.1 -0.1 0.1 -0.1 0.0 -0.0 0.0 -0.0 0.0 -0.0 0.0 -0.0 0.0 -0.0 0.0 -0.0 0.0 -0.0 0.1 -0.1 0.2 -0.2 0.6 -0.6 0.3 -0.3 1.4 -1.4 0.0 -0.0 -0.0 0.0 0.0 -0.0 0.0 -0.0 0.0 -0.0 0.1 -0.1 0.3 -0.3 0.1 -0.2 0.0 -0.0 0.0 0.0 0.4 -0.6 2.8 -2.7 0.0 -0.0 -1.0 1.0 -0.0 0.0 0.1 -0.1 -0.0 0.0 0.2 -0.2 0.9 -1.0 2.6 -2.6 0.1 -0.1 0.0 -0.0 0.5 -0.5 1.8 -1.8 0.0 -0.0
 736 786 1.17e-02 0.98 3 -0 1.00 1.05 0.96 1.7 0.30 6.9 -6.6 0.1 -0.1 0.0 -0.0 0.1 -0.1 0.2 -0.2 0.1 -0.1 0.0 -0.0 0.5 -0.6 0.1 -0.1 0.1 -0.1 0.5 -0.6 0.7 -0.8 1.7 -1.8 0.1 -0.2 0.8 -0.9 1.4 -1.4 2.7 -2.7 1.3 -1.4 1.3 -1.3 5.2 -5.2 1.3 -1.3 0.0 -0.0 0.0 -0.0 0.1 -0.1 0.0 -0.0 0.1 -0.0 0.0 -0.0 0.1 -0.1 0.1 -0.1 0.1 -0.1 0.1 -0.1 0.0 -0.0 0.0 -0.0 0.0 -0.0 0.0 -0.0 0.0 -0.0 0.0 -0.0 0.0 -0.0 0.0 -0.0 0.1 -0.1 0.2 -0.2 0.6 -0.7 0.3 -0.3 1.5 -1.6 0.0 -0.0 -0.0 0.0 0.0 -0.0 0.0 -0.0 0.0 -0.0 0.1 -0.1 0.4 -0.4 0.2 -0.3 0.1 -0.1 0.0 0.0 0.6 -0.7 2.8 -2.7 0.0 -0.0 -1.0 0.9 -0.0 0.0 0.1 -0.1 -0.0 0.0 0.2 -0.2 0.9 -0.9 2.8 -2.8 0.1 -0.1 0.1 -0.1 0.5 -0.5 1.8 -1.8 0.0 -0.0
 786 838 5.96e-03 0.98 3 -0 1.00 1.05 0.95 2.3 0.34 6.9 -6.8 0.1 -0.1 0.0 -0.0 0.1 -0.1 0.3 -0.3 0.1 -0.1 0.0 -0.0 0.6 -0.6 0.1 -0.1 0.1 -0.1 0.6 -0.6 0.7 -0.8 1.8 -1.9 0.2 -0.2 1.0 -1.0 1.6 -1.6 3.2 -3.2 1.6 -1.6 1.4 -1.5 6.2 -6.1 1.4 -1.5 0.0 -0.0 0.0 -0.0 0.1 -0.1 0.0 -0.0 0.1 -0.1 0.0 -0.0 0.1 -0.1 0.1 -0.1 0.1 -0.1 0.1 -0.1 0.0 -0.0 0.0 -0.0 0.0 -0.0 0.0 -0.0 0.0 -0.0 0.1 -0.0 0.0 -0.0 0.0 -0.0 0.1 -0.1 0.2 -0.2 0.7 -0.8 0.3 -0.3 1.6 -1.7 0.0 -0.0 -0.0 0.0 0.0 -0.0 0.0 -0.0 0.0 -0.0 0.1 -0.1 0.5 -0.5 0.3 -0.4 0.1 -0.1 0.0 0.0 0.7 -0.8 2.8 -2.8 0.0 -0.0 -0.9 0.9 -0.0 0.0 0.1 -0.1 -0.0 0.0 0.1 -0.1 0.9 -1.0 3.0 -3.0 0.1 -0.1 0.1 -0.1 0.5 -0.5 1.8 -1.8 0.0 -0.0
 838 894 3.05e-03 0.99 3 -0 1.01 1.05 0.95 3.2 0.45 7.5 -7.1 0.1 -0.1 0.0 -0.0 0.1 -0.1 0.3 -0.3 0.1 -0.1 0.0 -0.0 0.6 -0.7 0.1 -0.1 0.1 -0.1 0.6 -0.6 0.7 -0.8 1.9 -1.9 0.2 -0.2 1.1 -1.1 1.8 -1.8 3.7 -3.7 1.8 -1.9 1.6 -1.6 7.0 -6.8 1.6 -1.6 0.0 -0.0 0.0 -0.0 0.1 -0.2 0.0 -0.0 0.1 -0.1 0.0 -0.0 0.1 -0.1 0.1 -0.1 0.1 -0.1 0.2 -0.2 0.0 -0.0 0.0 -0.0 0.0 -0.0 0.0 -0.0 0.0 -0.0 0.1 -0.1 0.0 -0.0 0.0 -0.0 0.1 -0.1 0.2 -0.2 0.8 -0.8 0.3 -0.3 1.7 -1.7 0.0 -0.0 -0.0 0.0 0.0 -0.0 0.0 -0.0 0.0 -0.0 0.1 -0.1 0.6 -0.6 0.5 -0.5 0.1 -0.1 0.0 0.0 0.9 -0.8 2.8 -2.8 -0.0 0.0 -0.8 0.8 -0.0 0.0 0.1 -0.1 -0.0 0.0 0.1 -0.1 1.0 -1.0 3.1 -3.1 0.1 -0.1 0.9 -0.9 0.5 -0.5 1.8 -1.8 0.0 -0.0
 894 1012 1.06e-03 0.99 3 -0 1.01 1.06 0.95 4.3 0.33 8.1 -7.3 0.1 -0.1 0.0 -0.0 0.1 -0.1 0.3 -0.3 0.1 -0.1 0.0 -0.0 0.7 -0.7 0.1 -0.1 0.1 -0.1 0.7 -0.7 0.8 -0.7 2.0 -2.0 0.2 -0.2 1.2 -1.2 2.0 -2.0 4.2 -4.2 2.1 -2.1 1.7 -1.7 8.0 -7.6 1.7 -1.7 0.0 -0.0 0.0 -0.0 0.2 -0.2 0.0 -0.0 0.1 -0.1 0.0 -0.0 0.1 -0.1 0.1 -0.1 0.1 -0.1 0.2 -0.2 0.0 -0.0 0.0 -0.0 0.0 -0.0 0.0 -0.0 0.0 -0.0 0.1 -0.1 0.0 -0.0 0.0 -0.0 0.0 -0.0 0.2 -0.2 0.9 -0.8 0.4 -0.3 1.7 -1.7 0.0 -0.0 -0.0 0.0 0.0 -0.0 0.0 -0.0 0.0 -0.0 0.1 -0.1 0.7 -0.7 0.6 -0.6 0.2 -0.1 0.0 0.0 1.0 -0.9 2.9 -2.8 -0.3 0.4 -0.7 0.7 -0.0 0.0 0.1 -0.1 -0.0 0.0 0.1 -0.1 1.0 -1.0 3.4 -3.4 0.1 -0.1 2.4 -2.4 0.5 -0.5 1.8 -1.8 0.0 -0.0
 1012 1992 3.59e-05 0.99 2 -0 1.01 1.07 0.94 8.8 0.50 9.1 -8.9 0.1 -0.0 0.0 -0.0 0.1 -0.2 0.5 -0.7 0.1 -0.0 0.0 -0.0 1.0 -1.2 0.1 -0.1 0.2 -0.2 1.0 -1.2 0.9 -1.1 2.6 -2.8 0.3 -0.4 1.9 -2.0 2.9 -3.0 6.5 -6.5 3.4 -3.5 2.5 -2.7 12 -12 2.4 -2.6 0.0 -0.0 0.0 -0.0 0.2 -0.3 0.0 -0.0 0.2 -0.2 0.0 -0.0 0.1 -0.1 0.1 -0.1 0.1 -0.1 0.3 -0.4 0.0 -0.0 0.0 -0.0 0.0 -0.0 0.0 -0.0 0.0 -0.0 0.1 -0.1 0.0 -0.0 0.0 -0.0 0.0 -0.0 0.3 -0.4 1.2 -1.4 0.7 -0.8 2.0 -2.1 0.0 -0.0 -0.0 0.0 0.0 -0.0 0.0 -0.0 0.0 -0.0 0.1 -0.1 1.1 -1.2 1.2 -1.4 0.3 -0.4 0.0 0.0 1.6 -1.8 2.8 -3.0 1.1 -1.3 1.3 -1.5 -0.0 0.0 0.1 -0.2 0.0 0.0 0.1 -0.1 1.5 -1.7 4.4 -4.4 0.1 -0.1 2.0 -2.0 0.5 -0.5 1.8 -1.8 0.0 -0.0
