Measured double-differential inclusive-jet cross section for the range 2.0 <= |y| < 2.5 and jet radius parameter R = 0.6
ABS(YRAP(JET)) : < 3.0
PT(JET) IN GEV : > 100
R : 0.6
RE : P P --> JET X
SQRT(S) : 7000.0 GeV
ABS(YRAP) : 2.0 - 2.5
x: PT(JET) IN GEV
y : D2(SIG)/DPT(JET)/DYRAP IN PB*GEV*-1
xlow xhigh y  NPC +u_NPC -u_NPC EWC EWC_tree EWC_loop +-stat1 +-stat2 +sys1 -sys1 +sys2 -sys2 +sys3 -sys3 +sys4 -sys4 +sys5 -sys5 +sys6 -sys6 +sys7 -sys7 +sys8 -sys8 +sys9 -sys9 +sys10 -sys10 +sys11 -sys11 +sys12 -sys12 +sys13 -sys13 +sys14 -sys14 +sys15 -sys15 +sys16 -sys16 +sys17 -sys17 +sys18 -sys18 +sys19 -sys19 +sys20 -sys20 +sys21 -sys21 +sys22 -sys22 +sys23 -sys23 +sys24 -sys24 +sys25 -sys25 +sys26 -sys26 +sys27 -sys27 +sys28 -sys28 +sys29 -sys29 +sys30 -sys30 +sys31 -sys31 +sys32 -sys32 +sys33 -sys33 +sys34 -sys34 +sys35 -sys35 +sys36 -sys36 +sys37 -sys37 +sys38 -sys38 +sys39 -sys39 +sys40 -sys40 +sys41 -sys41 +sys42 -sys42 +sys43 -sys43 +sys44 -sys44 +sys45 -sys45 +sys46 -sys46 +sys47 -sys47 +sys48 -sys48 +sys49 -sys49 +sys50 -sys50 +sys51 -sys51 +sys52 -sys52 +sys53 -sys53 +sys54 -sys54 +sys55 -sys55 +sys56 -sys56 +sys57 -sys57 +sys58 -sys58 +sys59 -sys59 +sys60 -sys60 +sys61 -sys61 +sys62 -sys62 +sys63 -sys63 +sys64 -sys64 +sys65 -sys65 +sys66 -sys66 +sys67 -sys67 +sys68 -sys68 +sys69 -sys69
 100 116 2.26e+03 0.97 9 -0 1.00 1.00 1.00 0.86 1.0 3.4 -3.4 1.0 -1.1 0.1 -0.1 0.5 -0.5 2.0 -2.0 -0.1 0.0 0.1 -0.1 0.8 -0.9 0.1 -0.1 0.5 -0.5 0.4 -0.4 1.2 -1.3 0.7 -0.9 -0.0 0.0 -0.0 0.0 -0.0 0.0 0.0 -0.0 0.0 -0.0 -0.0 0.0 -0.0 0.0 -0.0 0.0 0.0 -0.1 0.0 -0.1 0.1 -0.1 0.1 -0.1 0.1 -0.2 0.3 -0.3 0.4 -0.5 0.6 -0.6 0.3 -0.3 0.0 -0.1 -0.0 0.0 0.0 -0.0 0.0 -0.1 0.1 -0.1 0.1 -0.1 0.1 -0.1 0.0 -0.0 -0.0 0.0 -0.0 0.0 0.0 -0.0 0.0 -0.0 0.0 -0.0 0.0 -0.0 0.0 -0.0 0.0 -0.0 -0.0 0.0 -0.0 0.0 -0.0 0.0 -0.0 0.0 -0.0 0.0 -0.0 0.0 -0.0 0.0 0.0 0.0 0.8 -0.9 14 -13 0.0 0.0 -3.9 3.9 -0.8 0.5 -2.2 1.9 1.6 -1.3 0.2 -0.3 4.8 -4.5 12 -12 1.5 -1.5 0.4 -0.4 0.5 -0.5 1.8 -1.8 0.0 -0.0
 116 134 9.78e+02 0.97 9 -0 1.00 1.00 1.00 1.1 0.97 3.5 -3.3 1.0 -0.9 0.0 -0.1 0.5 -0.4 1.9 -1.8 -0.1 0.1 0.1 -0.1 0.8 -0.7 0.1 -0.1 0.6 -0.5 0.5 -0.4 1.2 -1.1 0.8 -0.7 0.0 -0.0 -0.0 0.0 -0.0 0.0 -0.0 0.0 0.0 -0.0 -0.0 0.0 -0.0 0.0 -0.0 0.0 0.0 -0.0 0.0 -0.0 0.0 -0.1 0.1 -0.1 0.1 -0.1 0.2 -0.2 0.3 -0.3 0.6 -0.5 0.6 -0.5 0.1 -0.2 -0.0 0.0 0.0 -0.0 0.0 -0.0 0.1 -0.1 0.1 -0.1 0.1 -0.1 0.0 -0.0 0.0 -0.0 -0.0 0.0 0.0 -0.0 0.0 -0.0 0.0 -0.0 0.0 -0.0 0.0 -0.0 0.0 -0.0 -0.0 0.0 -0.0 0.0 -0.0 0.0 -0.0 0.0 -0.0 0.0 -0.0 0.0 -0.0 0.0 0.0 0.0 0.9 -0.8 14 -12 0.0 0.0 -3.7 3.9 -0.5 0.6 -1.8 1.9 1.2 -1.1 0.2 -0.3 4.2 -3.9 9.7 -9.7 1.1 -1.1 0.1 -0.1 0.5 -0.5 1.8 -1.8 0.0 -0.0
 134 152 4.45e+02 0.97 8 -0 1.00 1.00 0.99 1.4 0.82 3.7 -3.5 0.8 -0.7 0.0 -0.1 0.4 -0.4 1.7 -1.6 -0.0 0.1 0.0 -0.0 0.7 -0.6 0.1 -0.1 0.6 -0.5 0.4 -0.4 1.1 -1.1 0.7 -0.6 0.0 -0.0 0.0 -0.0 -0.0 0.0 -0.0 0.0 0.0 -0.1 0.0 -0.0 0.0 -0.0 0.0 -0.0 0.0 -0.0 0.0 -0.0 0.0 -0.0 0.0 -0.1 0.1 -0.1 0.1 -0.1 0.2 -0.2 0.4 -0.4 0.6 -0.5 0.3 -0.3 -0.0 0.0 0.0 -0.0 0.0 -0.0 0.0 -0.0 0.0 -0.1 0.1 -0.1 0.0 -0.1 0.0 -0.0 -0.0 0.0 -0.0 0.0 0.0 -0.0 0.0 -0.0 0.0 -0.0 0.0 -0.0 0.0 -0.0 0.0 -0.0 -0.0 0.0 -0.0 0.0 -0.0 0.0 -0.0 0.0 -0.0 0.0 -0.0 0.0 0.0 0.0 0.8 -0.7 14 -13 0.0 0.0 -3.6 3.8 -0.4 0.5 -1.5 1.7 1.0 -1.0 0.2 -0.3 3.8 -3.5 7.6 -7.6 0.9 -0.9 0.0 -0.0 0.5 -0.5 1.8 -1.8 0.0 -0.0
 152 172 1.98e+02 0.98 7 -0 1.00 1.00 0.99 1.1 1.1 3.8 -4.1 0.7 -0.6 0.0 -0.0 0.4 -0.3 1.4 -1.4 0.0 -0.0 0.0 -0.0 0.5 -0.5 0.1 -0.1 0.5 -0.4 0.4 -0.3 1.0 -1.0 0.6 -0.6 0.1 -0.1 0.0 -0.0 0.0 -0.0 -0.0 0.0 0.1 -0.1 0.0 -0.0 0.1 -0.1 0.1 -0.1 0.0 -0.0 0.0 -0.0 0.0 -0.0 0.0 -0.0 0.0 -0.0 0.1 -0.1 0.1 -0.1 0.3 -0.3 0.5 -0.4 0.4 -0.4 0.0 -0.0 0.0 -0.0 0.0 -0.0 0.0 -0.0 0.0 -0.0 0.1 -0.1 0.0 -0.1 0.1 -0.0 0.0 -0.0 -0.0 0.0 -0.0 0.0 0.0 -0.0 0.0 -0.0 0.0 -0.0 0.0 -0.0 0.0 -0.0 -0.0 0.0 -0.0 0.0 -0.0 0.0 -0.0 0.0 -0.0 0.0 -0.0 0.0 0.0 0.0 0.7 -0.7 14 -13 0.0 0.0 -3.1 3.2 -0.3 0.4 -1.4 1.6 1.0 -1.0 0.3 -0.3 3.4 -3.3 6.4 -6.4 0.8 -0.8 0.0 -0.0 0.5 -0.5 1.8 -1.8 0.0 -0.0
 172 194 9.36e+01 0.98 7 -0 1.00 1.01 0.99 0.92 0.51 4.2 -4.3 0.6 -0.6 0.0 -0.0 0.3 -0.3 1.3 -1.3 0.2 -0.1 0.0 -0.0 0.5 -0.5 0.1 -0.1 0.4 -0.4 0.4 -0.3 1.0 -1.0 0.6 -0.6 0.1 -0.1 0.1 -0.0 0.1 -0.0 -0.0 0.0 0.2 -0.2 0.1 -0.1 0.2 -0.2 0.1 -0.1 0.0 -0.0 0.0 -0.0 0.0 -0.0 0.0 -0.0 0.0 -0.0 0.1 -0.0 0.1 -0.1 0.2 -0.2 0.4 -0.4 0.5 -0.5 0.1 -0.1 0.0 -0.0 0.0 -0.0 0.0 -0.0 0.0 -0.0 0.1 -0.1 0.0 -0.1 0.1 -0.1 0.0 -0.0 -0.0 0.0 -0.0 0.0 0.0 -0.0 0.0 -0.0 0.0 -0.0 0.0 -0.0 0.0 -0.0 -0.0 0.0 -0.0 0.0 -0.0 0.0 -0.0 0.0 -0.0 0.0 -0.0 0.0 0.0 0.0 0.7 -0.7 15 -14 0.0 0.0 -2.2 2.3 -0.4 0.4 -1.4 1.6 1.0 -0.9 0.3 -0.3 3.2 -3.1 5.9 -5.9 0.8 -0.8 0.0 -0.0 0.5 -0.5 1.8 -1.8 0.0 -0.0
 194 216 4.22e+01 0.98 6 -0 1.00 1.01 0.99 1.3 0.55 4.7 -4.4 0.5 -0.5 0.0 -0.0 0.3 -0.2 1.2 -1.1 0.3 -0.2 0.0 -0.0 0.5 -0.4 0.1 -0.1 0.4 -0.3 0.3 -0.3 1.1 -1.0 0.7 -0.7 0.1 -0.1 0.1 -0.1 0.1 -0.1 0.0 -0.0 0.2 -0.2 0.2 -0.1 0.3 -0.2 0.2 -0.2 0.0 -0.0 0.0 -0.0 0.0 -0.0 0.0 -0.0 0.0 -0.0 0.0 -0.0 0.1 -0.1 0.2 -0.1 0.3 -0.3 0.5 -0.5 0.2 -0.1 0.0 -0.0 0.0 -0.0 0.0 -0.0 0.0 -0.0 0.1 -0.1 0.1 -0.1 0.1 -0.1 0.1 -0.0 0.0 -0.0 -0.0 0.0 0.0 -0.0 0.0 -0.0 0.0 -0.0 0.0 -0.0 0.0 -0.0 -0.0 0.0 -0.0 0.0 -0.0 0.0 -0.0 0.0 -0.0 0.0 -0.0 0.0 0.0 0.0 0.8 -0.7 16 -14 0.0 0.0 -1.5 1.6 -0.3 0.5 -1.4 1.5 1.0 -1.0 0.3 -0.3 3.0 -2.9 5.4 -5.4 0.7 -0.7 0.1 -0.1 0.5 -0.5 1.8 -1.8 0.0 -0.0
 216 240 2.00e+01 0.98 6 -0 1.00 1.01 0.99 1.0 0.77 4.8 -4.8 0.5 -0.4 0.0 -0.0 0.2 -0.2 1.0 -1.0 0.4 -0.3 0.0 -0.0 0.5 -0.4 0.1 -0.1 0.3 -0.3 0.3 -0.3 1.1 -1.0 0.8 -0.7 0.2 -0.1 0.1 -0.1 0.2 -0.1 0.1 -0.1 0.3 -0.3 0.2 -0.2 0.3 -0.3 0.3 -0.2 0.0 -0.0 0.0 -0.0 0.0 -0.0 0.0 -0.0 0.0 -0.0 0.0 -0.0 0.1 -0.0 0.1 -0.1 0.3 -0.2 0.5 -0.4 0.2 -0.2 0.0 -0.0 0.0 -0.0 0.0 -0.0 0.0 -0.0 0.1 -0.1 0.1 -0.1 0.1 -0.1 0.1 -0.1 0.0 -0.0 -0.0 0.0 -0.0 0.0 0.0 -0.0 0.0 -0.0 0.0 -0.0 0.0 -0.0 -0.0 0.0 -0.0 0.0 -0.0 0.0 -0.0 0.0 -0.0 0.0 -0.0 0.0 0.0 0.0 0.8 -0.7 17 -15 0.0 0.0 -1.2 1.3 -0.3 0.4 -1.3 1.4 1.1 -1.1 0.4 -0.3 2.8 -2.7 5.2 -5.2 0.7 -0.7 0.0 -0.0 0.5 -0.5 1.8 -1.8 0.0 -0.0
 240 264 9.67e+00 0.98 6 -0 1.00 1.01 0.99 1.5 0.59 5.0 -5.2 0.4 -0.4 0.0 -0.0 0.2 -0.2 0.8 -0.8 0.4 -0.4 0.0 -0.0 0.4 -0.4 0.1 -0.1 0.3 -0.3 0.3 -0.3 1.1 -1.0 0.8 -0.8 0.2 -0.1 0.1 -0.1 0.2 -0.2 0.2 -0.2 0.3 -0.3 0.3 -0.3 0.4 -0.4 0.3 -0.3 0.0 -0.0 0.0 -0.0 0.0 -0.0 0.0 -0.0 0.0 -0.0 0.0 -0.0 0.0 -0.0 0.1 -0.1 0.2 -0.2 0.4 -0.3 0.3 -0.3 0.0 -0.0 0.0 -0.0 0.0 -0.0 0.0 -0.0 0.1 -0.0 0.1 -0.1 0.1 -0.2 0.2 -0.2 0.1 -0.1 -0.0 0.0 -0.0 0.0 0.0 -0.0 0.0 -0.0 0.0 -0.0 0.0 -0.0 -0.0 0.0 -0.0 0.0 -0.0 0.0 -0.0 0.0 -0.0 0.0 -0.0 0.0 0.0 0.0 0.6 -0.7 17 -14 0.0 0.0 -1.4 1.3 -0.3 0.4 -1.3 1.3 1.2 -1.2 0.3 -0.4 2.6 -2.6 5.2 -5.2 0.7 -0.7 0.0 -0.0 0.5 -0.5 1.8 -1.8 0.0 -0.0
 264 290 4.69e+00 0.98 5 -0 0.99 1.01 0.99 2.1 0.71 5.5 -5.3 0.3 -0.3 0.0 -0.0 0.2 -0.2 0.7 -0.7 0.4 -0.4 0.0 -0.0 0.4 -0.4 0.1 -0.1 0.2 -0.2 0.3 -0.3 1.1 -1.1 0.9 -1.0 0.2 -0.1 0.2 -0.1 0.3 -0.3 0.2 -0.2 0.3 -0.3 0.3 -0.3 0.5 -0.5 0.3 -0.3 0.0 -0.0 0.0 -0.0 0.0 -0.1 0.0 -0.0 0.0 -0.0 0.0 -0.0 0.0 -0.0 0.1 -0.1 0.1 -0.2 0.3 -0.3 0.3 -0.3 0.0 -0.0 0.0 -0.0 0.0 -0.0 0.0 -0.0 0.0 -0.0 0.1 -0.1 0.1 -0.2 0.2 -0.2 0.1 -0.1 0.0 -0.0 -0.0 0.0 -0.0 0.0 0.0 -0.0 0.0 -0.0 0.0 -0.0 -0.0 0.0 -0.0 0.0 -0.0 0.0 -0.0 0.0 -0.0 0.0 -0.0 0.0 0.0 0.0 0.7 -0.8 17 -14 0.0 0.0 -1.6 1.6 -0.3 0.3 -1.2 1.2 1.3 -1.2 0.4 -0.4 2.5 -2.5 5.5 -5.5 0.7 -0.7 0.0 -0.0 0.5 -0.5 1.8 -1.8 0.0 -0.0
 290 318 2.14e+00 0.98 5 -0 0.99 1.01 0.98 3.0 0.76 5.8 -5.3 0.3 -0.3 0.0 -0.0 0.1 -0.1 0.6 -0.6 0.4 -0.4 0.0 -0.0 0.5 -0.4 0.1 -0.1 0.2 -0.2 0.4 -0.3 1.2 -1.2 1.1 -1.1 0.2 -0.2 0.2 -0.2 0.3 -0.3 0.3 -0.3 0.4 -0.4 0.4 -0.4 0.6 -0.6 0.4 -0.4 0.0 -0.0 0.0 -0.0 0.0 -0.1 0.0 -0.0 0.0 -0.0 0.0 -0.0 0.0 -0.0 0.0 -0.1 0.1 -0.1 0.2 -0.2 0.2 -0.3 0.0 -0.0 0.0 -0.0 0.0 -0.0 0.0 -0.0 0.0 -0.0 0.0 -0.1 0.1 -0.2 0.2 -0.3 0.2 -0.2 0.1 -0.1 -0.0 0.0 -0.0 0.0 0.0 -0.0 0.0 -0.0 0.0 -0.0 0.0 -0.0 -0.0 0.0 -0.0 0.0 -0.0 0.0 -0.0 0.0 -0.0 0.0 0.0 0.0 0.7 -0.8 16 -14 0.0 0.0 -1.6 1.5 -0.3 0.3 -1.2 1.3 1.2 -1.2 0.4 -0.4 2.4 -2.3 5.8 -5.8 0.8 -0.8 0.1 -0.1 0.5 -0.5 1.8 -1.8 0.0 -0.0
 318 346 9.48e-01 0.98 5 -0 0.99 1.01 0.98 3.4 0.86 6.0 -5.3 0.3 -0.2 0.0 -0.0 0.1 -0.1 0.6 -0.6 0.4 -0.4 0.0 -0.0 0.5 -0.5 0.1 -0.1 0.2 -0.2 0.4 -0.4 1.3 -1.2 1.3 -1.2 0.2 -0.2 0.2 -0.2 0.4 -0.4 0.5 -0.4 0.4 -0.4 0.6 -0.5 0.7 -0.7 0.5 -0.4 0.0 -0.0 0.0 -0.0 0.0 -0.1 0.0 -0.0 0.0 -0.0 0.0 -0.0 0.0 -0.0 0.0 -0.1 0.1 -0.1 0.2 -0.2 0.2 -0.2 0.0 -0.0 0.0 -0.0 0.0 -0.0 0.0 -0.0 0.0 -0.0 0.0 -0.0 0.1 -0.1 0.3 -0.2 0.3 -0.3 0.3 -0.2 0.0 -0.0 -0.0 0.0 0.0 -0.0 0.0 -0.0 0.0 -0.0 0.0 -0.0 -0.0 0.0 -0.0 0.0 -0.0 0.0 -0.0 0.0 -0.0 0.0 0.0 0.0 0.9 -0.8 16 -13 0.0 0.0 -1.0 1.0 -0.3 0.4 -1.4 1.5 1.1 -1.0 0.4 -0.4 2.3 -2.2 6.2 -6.2 0.7 -0.7 0.0 -0.0 0.5 -0.5 1.8 -1.8 0.0 -0.0
 346 376 4.32e-01 0.98 5 -0 0.99 1.01 0.98 1.9 1.2 6.2 -5.8 0.2 -0.2 0.0 -0.0 0.1 -0.1 0.5 -0.5 0.4 -0.3 0.0 -0.0 0.5 -0.5 0.1 -0.2 0.1 -0.1 0.4 -0.5 1.4 -1.1 1.4 -1.2 0.2 -0.2 0.2 -0.2 0.5 -0.5 0.5 -0.5 0.5 -0.5 0.7 -0.6 0.8 -0.8 0.5 -0.5 0.0 -0.0 0.0 -0.0 0.0 -0.1 0.0 -0.0 0.0 -0.0 0.0 -0.0 0.0 -0.0 0.0 -0.1 0.1 -0.1 0.2 -0.2 0.2 -0.2 0.0 -0.0 0.0 -0.0 0.0 -0.0 0.0 -0.0 0.0 -0.0 0.0 -0.0 0.1 -0.1 0.2 -0.2 0.4 -0.3 0.4 -0.4 0.1 -0.1 -0.0 0.0 0.0 -0.0 0.0 -0.0 0.0 -0.0 0.0 -0.0 0.0 -0.0 0.0 -0.0 -0.0 0.0 -0.0 0.0 -0.0 0.0 0.0 0.0 1.1 -1.0 15 -13 0.0 0.0 -0.3 0.3 -0.3 0.5 -1.6 1.7 0.9 -0.9 0.5 -0.5 2.1 -2.2 6.6 -6.6 0.6 -0.6 0.1 -0.1 0.5 -0.5 1.8 -1.8 0.0 -0.0
 376 408 1.83e-01 0.98 5 -0 0.99 1.01 0.98 1.2 1.1 6.9 -6.7 0.2 -0.2 0.0 -0.0 0.1 -0.1 0.5 -0.5 0.3 -0.3 0.0 -0.0 0.5 -0.5 0.2 -0.2 0.1 -0.1 0.4 -0.5 1.4 -1.1 1.5 -1.2 0.2 -0.1 0.3 -0.2 0.6 -0.6 0.6 -0.6 0.5 -0.5 0.7 -0.7 0.9 -0.9 0.5 -0.5 0.0 -0.0 0.0 -0.0 0.1 -0.1 0.0 -0.0 0.0 -0.0 0.0 -0.0 0.0 -0.0 0.0 -0.0 0.1 -0.1 0.1 -0.1 0.2 -0.2 0.0 -0.0 0.0 -0.0 -0.0 0.0 0.0 -0.0 0.0 -0.0 0.0 -0.0 0.1 -0.1 0.2 -0.2 0.4 -0.3 0.5 -0.5 0.3 -0.1 0.0 -0.0 0.0 -0.0 0.0 -0.0 0.0 -0.0 0.0 -0.0 0.0 -0.0 0.0 -0.0 -0.0 0.0 -0.0 0.0 -0.0 0.0 0.0 0.0 1.1 -0.9 16 -14 0.0 0.0 0.3 -0.3 -0.2 0.4 -1.6 1.8 0.7 -0.7 0.5 -0.5 2.0 -2.2 7.2 -7.2 0.5 -0.5 0.0 -0.0 0.5 -0.5 1.8 -1.8 0.0 -0.0
 408 442 7.48e-02 0.98 5 -0 0.99 1.01 0.98 1.8 1.6 7.2 -8.2 0.2 -0.2 0.0 -0.0 0.1 -0.1 0.4 -0.4 0.2 -0.2 0.0 -0.0 0.5 -0.5 0.2 -0.2 0.1 -0.1 0.5 -0.5 1.5 -1.2 1.7 -1.4 0.2 -0.1 0.3 -0.3 0.7 -0.7 0.8 -0.7 0.6 -0.5 0.8 -0.8 1.2 -1.1 0.6 -0.6 0.0 -0.0 0.0 -0.0 0.1 -0.1 0.0 -0.0 0.0 -0.0 0.0 -0.0 0.0 -0.0 0.0 -0.0 0.1 -0.1 0.1 -0.1 0.2 -0.2 0.0 -0.0 0.0 -0.0 -0.0 0.0 0.0 -0.0 0.0 -0.0 0.0 -0.0 0.1 -0.0 0.2 -0.2 0.4 -0.3 0.6 -0.6 0.5 -0.3 0.1 -0.1 0.0 -0.0 0.0 -0.0 0.0 -0.0 0.0 -0.0 0.0 -0.0 0.0 -0.0 -0.0 0.0 -0.0 0.0 -0.0 0.0 0.0 0.0 1.0 -0.9 17 -15 0.0 0.0 0.6 -0.5 -0.2 0.3 -1.3 1.5 0.5 -0.5 0.5 -0.5 2.0 -2.2 7.8 -7.8 0.4 -0.4 0.0 -0.0 0.5 -0.5 1.8 -1.8 0.0 -0.0
 442 478 2.88e-02 0.98 5 -0 0.99 1.02 0.97 2.4 1.4 8.8 -8.3 0.2 -0.2 0.0 -0.0 0.1 -0.1 0.4 -0.4 0.2 -0.2 0.0 -0.0 0.5 -0.6 0.2 -0.2 0.1 -0.1 0.6 -0.6 1.7 -1.4 2.0 -1.7 0.1 -0.2 0.4 -0.4 0.9 -0.9 1.0 -0.9 0.7 -0.6 1.0 -1.0 1.7 -1.5 0.8 -0.8 0.0 -0.0 0.0 -0.0 0.1 -0.1 0.0 -0.0 0.0 -0.0 0.0 -0.0 0.0 -0.0 0.0 -0.0 0.1 -0.0 0.1 -0.1 0.1 -0.2 0.0 -0.0 0.0 -0.0 -0.0 0.0 0.0 -0.0 0.0 -0.0 0.0 -0.0 0.1 -0.0 0.2 -0.2 0.3 -0.3 0.8 -0.7 0.8 -0.6 0.3 -0.4 0.0 -0.0 0.0 -0.0 0.0 -0.0 0.0 -0.0 0.0 -0.0 0.0 -0.0 0.0 -0.0 -0.0 0.0 -0.0 0.0 0.0 0.0 1.5 -1.2 18 -16 0.0 0.0 0.5 -0.5 -0.1 0.2 -0.8 1.0 0.3 -0.3 0.5 -0.5 2.0 -2.1 8.5 -8.5 0.4 -0.4 0.1 -0.1 0.5 -0.5 1.8 -1.8 0.0 -0.0
 478 516 1.01e-02 0.98 5 -0 0.99 1.02 0.97 2.3 1.3 9.6 -9.4 0.1 -0.2 0.0 -0.0 0.1 -0.1 0.4 -0.5 0.1 -0.3 0.0 -0.0 0.7 -0.7 0.2 -0.2 0.1 -0.1 0.7 -0.7 1.8 -1.6 2.3 -2.1 0.1 -0.2 0.5 -0.5 1.2 -1.2 1.4 -1.3 0.9 -0.8 1.3 -1.2 2.4 -2.3 1.1 -1.1 0.0 -0.0 0.0 -0.0 0.1 -0.2 0.0 -0.0 0.0 -0.0 0.0 -0.0 0.0 -0.0 0.0 -0.0 0.1 -0.0 0.1 -0.1 0.1 -0.2 0.0 -0.0 0.0 -0.0 -0.0 0.0 0.0 -0.0 0.0 -0.0 0.0 -0.0 0.1 -0.0 0.1 -0.2 0.3 -0.4 0.9 -0.9 1.0 -0.9 0.7 -0.8 0.0 -0.0 0.0 -0.0 0.0 -0.0 0.0 -0.0 0.0 -0.0 0.0 -0.1 0.0 -0.0 -0.0 0.0 -0.0 0.0 0.0 0.0 1.6 -1.5 19 -17 0.0 0.0 0.2 -0.2 -0.1 0.1 -0.3 0.5 0.2 -0.1 0.6 -0.6 2.0 -2.0 9.4 -9.4 0.4 -0.4 0.1 -0.1 0.5 -0.5 1.8 -1.8 0.0 -0.0
 516 556 3.29e-03 0.98 5 -0 0.99 1.02 0.97 4.0 2.2 11 -12 0.1 -0.3 0.0 -0.0 0.1 -0.1 0.4 -0.6 0.1 -0.3 0.0 -0.0 0.7 -0.9 0.2 -0.2 0.1 -0.1 0.7 -0.8 1.9 -1.8 2.5 -2.4 0.1 -0.3 0.6 -0.7 1.3 -1.4 1.8 -1.8 1.0 -1.0 1.4 -1.5 3.1 -3.1 1.3 -1.3 0.0 -0.0 0.0 -0.0 0.1 -0.2 0.0 -0.0 0.0 -0.0 0.0 -0.0 0.0 -0.0 0.0 -0.0 0.0 -0.0 0.0 -0.2 0.1 -0.2 0.0 -0.0 0.0 -0.0 -0.0 0.0 0.0 -0.0 0.0 -0.0 0.0 -0.0 0.0 -0.0 0.1 -0.3 0.3 -0.4 1.0 -1.0 1.1 -1.1 1.1 -1.2 0.0 -0.0 0.0 -0.0 0.0 -0.0 0.0 -0.0 0.0 -0.0 0.0 -0.2 0.0 -0.2 -0.0 0.0 -0.0 0.0 0.0 0.0 2.2 -2.2 20 -17 0.0 0.0 -0.3 0.3 -0.1 0.0 -0.1 0.1 0.1 -0.0 0.6 -0.7 1.8 -1.9 11 -11 0.4 -0.4 0.8 -0.8 0.5 -0.5 1.8 -1.8 0.0 -0.0
 556 642 6.57e-04 0.98 5 -0 0.99 1.02 0.96 6.6 2.4 14 -12 0.1 -0.4 0.0 -0.0 0.0 -0.1 0.3 -0.6 0.1 -0.4 0.0 -0.0 0.7 -1.0 0.1 -0.2 0.0 -0.1 0.7 -0.9 1.8 -1.8 2.7 -2.8 0.1 -0.3 0.7 -0.9 1.5 -1.6 2.3 -2.4 1.1 -1.2 1.6 -1.7 4.2 -4.4 1.4 -1.5 0.0 -0.0 0.0 -0.0 0.0 -0.3 0.0 -0.0 0.0 -0.0 0.0 -0.0 0.0 -0.0 0.0 -0.0 0.0 -0.0 0.0 -0.3 0.1 -0.2 -0.0 0.0 0.0 -0.0 -0.0 0.0 0.0 -0.0 0.0 -0.0 0.0 -0.0 0.0 -0.0 0.1 -0.4 0.2 -0.5 0.9 -1.1 1.0 -1.2 1.6 -1.8 0.0 -0.0 0.0 -0.0 -0.0 0.0 0.0 -0.0 0.0 -0.0 0.0 -0.3 0.0 -0.3 0.0 -0.0 0.0 -0.0 0.0 0.0 1.6 -1.5 22 -18 0.0 0.0 -1.1 1.1 0.1 -0.1 0.1 -0.2 0.0 -0.0 0.4 -0.7 1.4 -1.7 13 -13 0.4 -0.4 1.2 -1.2 0.5 -0.5 1.8 -1.8 0.0 -0.0
 642 894 1.20e-05 0.98 5 -0 0.98 1.03 0.96 29 5.5 22 -17 0.0 -0.4 0.0 -0.0 0.0 -0.5 0.1 -0.6 0.0 -0.5 0.0 -0.0 1.5 -1.8 0.0 -0.8 0.0 -0.5 1.3 -1.6 2.2 -2.7 5.2 -5.6 0.5 -0.8 2.3 -2.7 3.9 -4.1 7.4 -7.6 3.5 -3.9 3.5 -3.8 15 -13 3.5 -4.0 0.0 -0.0 0.0 -0.0 0.0 -0.6 0.0 -0.0 0.0 -0.0 0.0 -0.0 0.1 -0.1 0.0 -0.0 0.1 -0.0 0.4 -0.5 0.0 -0.3 -0.0 0.0 0.0 -0.0 -0.0 0.0 0.0 -0.0 0.2 -0.2 0.0 -0.0 0.2 -0.2 0.1 -0.4 0.0 -0.8 1.8 -2.1 1.0 -1.0 4.4 -5.0 0.0 -0.0 0.0 -0.0 -0.0 0.0 0.2 -0.2 0.0 -0.0 0.5 -0.6 1.3 -1.3 0.8 -0.9 0.2 -0.2 0.0 0.0 2.7 -3.5 36 -26 0.0 0.0 -10 10 0.1 -0.1 0.1 -0.3 -0.0 0.0 0.1 -0.7 -0.3 0.1 31 -31 0.4 -0.4 1.7 -1.7 0.5 -0.5 1.8 -1.8 0.0 -0.0
