; electroweak corrections 
; The ewc is (1+deltaTree)*(1+deltaLoop) = 1 +  deltaTree + deltaLoop + deltaTree * deltaLoop
; xmean xmin xmax   ewc no errors ewc_tree ewc_loop 
 108.0 100.0 116.0 1.00 0.00 0.00 
 125.0 116.0 134.0 1.00 0.00 0.00 
 143.0 134.0 152.0 1.00 0.00 0.00 
 162.0 152.0 172.0 1.00 0.00 0.00 
 183.0 172.0 194.0 1.00 0.00 0.00 
 205.0 194.0 216.0 1.00 0.00 0.00 
 228.0 216.0 240.0 1.00 0.00 0.00 
 252.0 240.0 264.0 1.00 0.00 0.00 
 277.0 264.0 290.0 1.00 0.00 0.00 
 304.0 290.0 318.0 1.00 0.00 0.00 
 332.0 318.0 346.0 1.00 0.00 0.00 
 361.0 346.0 376.0 1.00 0.00 0.00 
 392.0 376.0 408.0 1.00 0.00 0.00 
 425.0 408.0 442.0 1.00 0.00 0.00 
 460.0 442.0 478.0 1.00 0.00 0.00 
 497.0 478.0 516.0 1.01 0.00 0.00 
 536.0 516.0 556.0 1.01 0.00 0.00 
 577.0 556.0 598.0 1.01 0.00 0.00 
 620.0 598.0 642.0 1.01 0.00 0.00 
 665.0 642.0 688.0 1.02 0.00 0.00 
 712.0 688.0 736.0 1.02 0.00 0.00 
 761.0 736.0 786.0 1.03 0.00 0.00 
 812.0 786.0 838.0 1.03 0.00 0.00 
 866.0 838.0 894.0 1.04 0.00 0.00 
 923.0 894.0 952.0 1.04 0.00 0.00 
 982.0 952.0 1012.0 1.05 0.00 0.00 
 1044.0 1012.0 1076.0 1.06 0.00 0.00 
 1119.0 1076.0 1162.0 1.06 0.00 0.00 
 1236.0 1162.0 1310.0 1.08 0.00 0.00 
 1420.0 1310.0 1530.0 1.10 0.00 0.00 
 1761.0 1530.0 1992.0 1.12 0.00 0.00 
