;hadronisation corrections 
;  mean  xmin  xmax  npc  npc_up npc_down 
 108.0 100.0 116.0 0.97 1.057 0.970
 125.0 116.0 134.0 0.97 1.057 0.970
 143.0 134.0 152.0 0.97 1.048 0.970
 162.0 152.0 172.0 0.97 1.038 0.970
 183.0 172.0 194.0 0.98 1.049 0.980
 205.0 194.0 216.0 0.98 1.049 0.980
 228.0 216.0 240.0 0.98 1.039 0.980
 252.0 240.0 264.0 0.98 1.039 0.980
 277.0 264.0 290.0 0.98 1.039 0.980
 304.0 290.0 318.0 0.98 1.029 0.980
 347.0 318.0 376.0 0.98 1.029 0.980
 427.0 376.0 478.0 0.98 1.029 0.980
