; electroweak corrections 
name=ewcorr 
comment=Dittmaier, Huss, Speckner JHEP11(2012)095 arXiv:1210.0438
errortype=absolute
; ewc  ewc_tree ewc_loop 
 108.0 100.0 116.0 1.00 1.00 1.00
 125.0 116.0 134.0 1.00 1.00 1.00
 143.0 134.0 152.0 1.00 1.00 1.00
 162.0 152.0 172.0 1.00 1.00 0.99
 183.0 172.0 194.0 1.00 1.01 0.99
 205.0 194.0 216.0 1.00 1.01 0.99
 228.0 216.0 240.0 1.00 1.01 0.99
 252.0 240.0 264.0 1.00 1.01 0.99
 277.0 264.0 290.0 1.00 1.01 0.99
 304.0 290.0 318.0 1.00 1.01 0.99
 332.0 318.0 346.0 1.00 1.01 0.98
 361.0 346.0 376.0 1.00 1.01 0.98
 392.0 376.0 408.0 0.99 1.02 0.98
 425.0 408.0 442.0 0.99 1.02 0.98
 460.0 442.0 478.0 0.99 1.02 0.97
 497.0 478.0 516.0 0.99 1.02 0.97
 536.0 516.0 556.0 0.99 1.02 0.97
 577.0 556.0 598.0 0.99 1.03 0.97
 620.0 598.0 642.0 0.99 1.03 0.96
 665.0 642.0 688.0 0.99 1.03 0.96
 712.0 688.0 736.0 0.99 1.03 0.96
 815.0 736.0 894.0 0.99 1.04 0.95
 1443.0 894.0 1992.0 0.99 1.05 0.94
