; x	xlow	xhigh	y	dy+	
  25.0	20.0	30.0	3920000.0  +26656.00	+944720.0	-972160.0
  37.5	30.0	45.0	666000.0   +10056.6	+134532.0	-117882.0
  52.5	45.0	60.0	139000.0   +3600.1	+20850.0	-17236.0
  70.0	60.0	80.0	33900.0	   +335.61	+3932.4	        -3661.20
  95.0	80.0	110.0	7550.0	   +53.605	+838.05	        -853.15	
 135.0	110.0	160.0	1280.0	   +6.4	        +143.36	        -148.48	
 185.0	160.0	210.0	205.0	   +1.189	+25.625	        -22.55	
 235.0	210.0	260.0	50.1	   +0.501	+6.7134	        -6.3627	
 285.0	260.0	310.0	15.9	   +0.15582	+2.13	        -2.0988	
 355.0	310.0	400.0	4.38	   +0.046428	+0.639488	-0.55188
 450.0	400.0	500.0	0.918	   +0.0178092	+0.134028	-0.138618
 550.0	500.0	600.0	0.214	   +0.0078538	+0.03424	-0.03424
 700.0	600.0	800.0	0.0407	   +0.00271062	+0.007733	-0.0074481
 900.0	800.0	1000.0	0.0027	   +6.021E-4	+6.804E-4	-6.075E-4
1100.0	1000.0	1200.0	4.66E-4	   +2.87522E-4	+1.5844E-4	-1.34208E-4
1350.0	1200.0	1500.0	1.02E-4	   +1.0608E-4	+4.6206E-5	-4.539E-5

