
; x	xlow	xhigh	    y	     dy+	    
 25.0	20.0	30.0	1890000.0    +14742.0      +888300.0    -750330.0    
 37.5	30.0	45.0	267000.0     +4458.9	   +122286.     -91581.00	  
 52.5	45.0	60.0	42500.0	     +1568.25	   +13770.0     -10497.5	  
 70.0	60.0	80.0	8570.0	     +144.833	   +1979.67     -1619.73	  
 95.0	80.0	110.0	1310.0	     +44.671	   +263.31	     -279.03	  
135.0	110.0	160.0	116.0	     +1.7864	   +24.36	     -25.984	  
185.0	160.0	210.0	5.57	     +0.218344	   +2.02748     -1.64315	  
235.0	210.0	260.0	0.289	     +0.0236402	   +0.122825    -0.121091	  
285.0	260.0	310.0	0.00917	     +0.00360381   +0.00915166  -0.00629062  

