
; x	xlow	xhigh       y        dy+    	   
 25.0	20.0	30.0	2760000.0    +19044.0	        +982560.0	-908040.0     
 37.5	30.0	45.0	407000.0     +5575.90	        +133496.0	-104599.0     
 52.5	45.0	60.0	80000.0      +2272.0	  	+16720.0	-13840.0      
 70.0	60.0	80.0	17100.0	     +179.55	  	+2599.2	        -2582.1       
 95.0	80.0	110.0	3440.0	     +20.64	  	+423.12	        -454.08	      
 135.0	110.0	160.0	498.0	     +3.038	  	+68.226	        -66.234	      
 185.0	160.0	210.0	59.3	     +0.52777	  	+10.2589	-8.5392	      
235.0	210.0	260.0	10.0	     +0.131	 	+1.97	        -1.91         
285.0	260.0	310.0	1.85	     +0.03774	  	+0.42365	-0.3478	      
355.0	310.0	400.0	0.276	     +0.0084732	  	+0.082248	-0.068724     
450.0	400.0	500.0	0.0166	     +0.001909	  	+0.0064574	-0.0054448    
550.0	500.0	600.0	3.13E-4	     +2.86082E-4  	+7.8563E-5	-1.14245E-4   

