; x	xlow	xhigh	  y	      stat
 25.0	20.0	30.0	9950000.0    +47760.0      +2397950.0     -2298450.0     
 37.5	30.0	45.0	1250000.0    +12875.0	   +252500.0      -231250.0      
 52.5	45.0	60.0	225000.0     +4590.0	   +32625.0       -26325.0       
 70.0	60.0	80.0	53200.0	     +430.92	   +5745.6        -5160.4	       
 95.0	80.0	110.0	11300.0	     +53.11	   +1062.2	-1243.0	       
 135.0	110.0	160.0	1880.0	     +8.648	   +189.88	-186.12	       
185.0	160.0	210.0	303.0	     +1.4847	   +35.451	-29.694	       
235.0	210.0	260.0	74.7	     +0.46314	   +8.6652	-9.1134	       
285.0	260.0	310.0	23.9	     +0.14101	   +3.2265	-3.0353	       
355.0	310.0	400.0	6.79	     +0.04753	   +1.00492	-0.84196       
450.0	400.0	500.0	1.44	     +0.021168	   +0.2016	-0.19872       
550.0	500.0	600.0	0.368	     +0.0100096	   +0.054096	-0.051152      
700.0	600.0	800.0	0.075	     +0.003345	   +0.012675	-0.01185       
900.0	800.0	1000.0	0.00909	     +0.0010817	   +0.001927	-0.00169074    
1100.0	1000.0	1200.0	0.00161	     +4.6368E-4	   +4.1377E-4	-3.6547E-4     
1350.0	1200.0	1500.0	2.35E-4	     +1.37945E-4   +6.956E-5	-7.0265E-5     

