; x    xlow  xhigh    y	         dy+	    stat    syst
 25.0  20.0 30.0   5820000.0  +31428.0    +2165040.0  -1996256.0 
 37.5  30.0 45.0   689000.0   +7027.8     +216346.0   -186719.0  
 52.5  45.0 60.0   119000.0   +2760.8     +24871.0    -20230.0   
 70.0  60.0 80.0   24200.0    +210.54     +3581.6     -2928.2    
 95.0  80.0 110.0  4720.0     +27.376     +599.44     -571.12    
135.0 110.0 160.0  640.0      +3.712      +80.64      -81.28      
185.0 160.0 210.0  73.1       +0.51901    +11.1843    -10.6       
235.0 210.0 260.0  12.1       +0.15125    +2.1417     -2.2264     
285.0 260.0 310.0  2.26       +0.04068    +0.53336    -0.44974    
355.0 310.0 400.0  0.324      +0.0093636  +0.0891     -0.075168   
450.0 400.0 500.0  0.0209     +0.0024453  +0.0076703  -0.0069597  
550.0 500.0 600.0  5.83E-4    +3.72537E-4 +2.12795E-4 -1.33507E-4 

