;  x	xlow	xhigh	   y	   stat        systp        systn
 25.0	20.0	30.0	4610000.0 +28121.0    +931220.0	  -917390.       
 37.5	30.0	45.0	730000.0  +8687.0     +132130.0	  -118260.0      
 52.5	45.0	60.0	149000.0  +3203.5     +19221.0	  -16688.0       
 70.0	60.0	80.0	37100.0	  +307.93     +4155.2     -3561.6	       
 95.0	80.0	110.0	8350.0	  +46.760     +826.65	  -868.4	       
135.0	110.0	160.0	1440.0	  +6.336      +159.84	  -151.20	       
185.0	160.0	210.0	241.0	  +1.3978     +28.438	  -25.064	       
235.0	210.0	260.0	60.6	  +0.43632    +7.3326	  -7.6962	       
285.0	260.0	310.0	19.6	  +0.13328    +2.6656	  -2.254	       
355.0	310.0	400.0	5.64	  +0.051888   +0.7896	  -0.72192
450.0	400.0	500.0	1.19	  +0.020944   +0.15827	  -0.15827
550.0	500.0	600.0	0.316	  +0.0102068  +0.046452	  -0.043608
700.0	600.0	800.0	0.066	+0.002772     +0.011088	  -0.01056
900.0	800.0	1000.0	0.0078	+9.282E-4     +0.0016614  -0.001482
1100.0	1000.0	1200.0	0.00138	+4.2228E-4    +3.4914E-4  -3.036E-4
1350.0	1200.0	1500.0	2.35E-4	+1.5651E-4    +7.2145E-5  -7.0735E-5

