; Data taken from arxiv1410.8857 
; systematics

syst_gamma5+ +17 +8.9 +1.5 -2.0 -0.8 -0.1
syst_gamma5- -13 -8.6 -1.2 +1.9 +0.7 +0.1
syst_gamma11+ +12 +13 +15 +12 +12 +11
syst_gamma11- -11 -12 -12 -11 -14 -26
syst_gamma17+ +21 +12 +13. +5.9 +4.2 +5.3
syst_gamma17- -15 -11 -9.7 -6.9 -7.2 -21.
syst_gamma23+ +7.2 +6.4 +6.5 +3.9 +5.5 +6.2
syst_gamma23- -6.4 -6.1 -4.7 -4.6 -6.4 -22.
syst_gamma29+ +6.2 +3.5 +3.0 +5.8 +3.1 -1.9
syst_gamma29- -5.2 -3.4 -2.9 -6.5 -2.0 -12.
syst_gamma88+ +38 +43 +36 +26 +17 +23
syst_gamma88- -30 -30 -25 -21 -20 -40
syst_gamma36+ +2.7 +3.8 +5.5 +5.3 +4.1 +3.1
syst_gamma36- -2.7 -3.7 -4.5 -5.9 -5.9 -19.
syst_gamma42+ +5.7 +4.2 +2.8 +1.6 +1.2 -0.85
syst_gamma42- -4.9 -4.0 -2.3 -2.6 -1.3 -13.
syst_gamma48+ +5.8 +6.0 +8.7 +8.7 +11 +12
syst_gamma48- -5.3 -6.2 -7.1 -9.6 -13 -27
syst_gamma54+ -0.0 +0.0 +0.7 +0.6 +1.9 +4.8
syst_gamma54- +0.0 -0.0 -0.2 -1.2 -2.1 -16.
syst_gamma60+ +0.0 +0.0 +0.0 -0.0 +0.1 -0.0
syst_gamma60- -0.0 -0.0 -0.0 +0.0 -0.0 +0.0
syst_gamma66+ +3.4 +4.5 +3.6 +0.1 -0.8 -0.3
syst_gamma66- -3.4 -4.4 -3.0 -0.5 +0.8 +0.3
syst_gamma72+ -0.0 -0.1 +1.4 +4.3 +10 +8.8
syst_gamma72- +0.0 +0.1 -0.8 -5.2 -11 -28.
syst_gamma89+ +7.3 +7.7 +10. +8.3 +7.9 +4.8
syst_gamma89- -6.7 -7.8 -8.4 -9.1 -9.1 -23.
syst_gamma80+ +21. +10. +3.9 +6.0 +4.3 +25.
syst_gamma80- -21. -10. -3.9 -6.0 -4.3 -25.
syst_gamma82+ -0.4 +0.0 -0.5 -0.6 +2.4 -0.6
syst_gamma82- +0.4 -0.0 +0.5 +0.6 -2.4 +0.6
syst_gamma74+ +0.1 +0.5 +3.1 +5.5 -2.3 +25.5
syst_gamma74- -0.1 -0.5 -3.1 -5.5 +2.3 -25.5
syst_gamma75+ +0.4 +0.3 +0.1 +0.0 +0.0 +0.0
syst_gamma75- -0.4 -0.3 -0.1 -0.0 -0.0 -0.0
syst_gamma85+ +2.0 +1.0 +1.0 +1.0 +1.0 +1.0
syst_gamma85- -2.0 -1.0 -1.0 -1.0 -1.0 -1.0
syst_u_1+ +2.0 +2.0 +1.0 +1.0 +1.0 +1.0
syst_u_1- -2.0 -2.0 -1.0 -1.0 -1.0 -1.0
syst_u_2+ +0.5 +0.5 +0.5 +0.5 +0.5 +0.5
syst_u_2- -0.5 -0.5 -0.5 -0.5 -0.5 -0.5
;mean xmin xmax cross staterr   +syst    -syst 
25.0 20 30 5.583e+02 1.8 54.77 45.30
37.5 30 45 4.400e+01 2.0 50.51 39.31
52.5 45 60 3.267e+00 2.0 44.77 32.90
70.0 60 80 2.558e-01 3.3 34.37 31.65
95.0 80 110 7.530e-03 12. 31.19 35.83
135.0 110 160 1.268e-04 71. 85.54 111.77
