; Data taken from arxiv1410.8857 
; systematics

syst_gamma1+ +13. +4.2 +1.4 -0.8 -0.5 -0.1 -0.0 -0.0 -0.0 -0.0 0.0
syst_gamma1- -9.1 -3.4 -1.5 +0.7 +0.4 +0.0 +0.0 +0.0 +0.0 +0.0 0.0
syst_gamma7+ +6.6 +12 +8.1 +6.2 +6.5 +6.4 +4.9 +5.4 +4.6 +4.8 +5.2
syst_gamma7- -8.4 -10 -7.2 -6.2 -6.1 -6.1 -5.2 -4.9 -4.0 -4.1 -6.0
syst_gamma13+ +12. +6.8 +5.9 +4.8 +4.4 +4.2 +3.9 +4.2 +3.0 +3.7 +4.0
syst_gamma13- -9.3 -5.7 -5.7 -4.9 -4.2 -3.9 -4.4 -3.8 -2.9 -2.9 -5.1
syst_gamma19+ +6.2 +9.6 +5.2 +3.8 +3.5 +3.6 +3.3 +2.7 +1.8 +2.4 +1.9
syst_gamma19- -7.5 -7.9 -4.6 -4.0 -3.4 -3.4 -3.7 -2.5 -1.6 -1.8 -2.4
syst_gamma25+ +4.3 +2.3 +1.7 +2.5 +0.9 +1.0 +1.8 +2.8 +3.0 +4.2 +3.7
syst_gamma25- -4.0 -2.0 -1.7 -2.5 -0.9 -0.9 -2.0 -2.6 -2.9 -3.5 -4.6
syst_gamma88+ +0.1 +0.1 +0.1 +0.0 +0.0 +0.0 +0.0 +0.0 +0.1 +0.0 +0.0
syst_gamma88- -0.1 -0.1 -0.1 -0.0 -0.0 -0.0 -0.0 -0.0 -0.0 -0.0 +0.0
syst_gamma32+ +2.0 +2.8 +3.0 +3.0 +3.0 +2.7 +2.4 +2.6 +1.9 +2.2 +1.8
syst_gamma32- -2.3 -2.7 -3.0 -3.0 -3.0 -2.7 -2.7 -2.3 -1.6 -1.7 -2.4
syst_gamma38+ +4.5 +3.4 +2.0 +1.1 +1.1 +0.8 +0.6 +0.7 +0.5 +0.7 +0.4
syst_gamma38- -4.3 -3.0 -1.8 -1.2 -1.2 -0.8 -0.8 -0.6 -0.5 -0.5 -0.7
syst_gamma44+ +4.6 +5.0 +4.7 +4.4 +5.3 +5.9 +6.3 +8.1 +8.5 +9.8 +11
syst_gamma44- -4.7 -4.5 -4.4 -4.6 -5.0 -5.8 -6.6 -6.9 -7.5 -8.6 -11
syst_gamma50+ -0.0 -0.0 +0.1 +0.4 +1.1 +1.9 +2.8 +4.1 +4.5 +6.5 +7.0
syst_gamma50- +0.0 -0.0 -0.1 -0.4 -1.2 -1.9 -3.1 -3.8 -4.2 -5.4 -7.9
syst_gamma56+ +0.0 +0.0 +0.0 +0.0 +0.0 +0.1 +0.1 +0.1 +0.2 +0.3 +0.2
syst_gamma56- -0.0 -0.1 -0.0 -0.0 -0.0 -0.1 -0.1 -0.2 -0.2 -0.2 -0.4
syst_gamma62+ +2.7 +3.6 +2.7 +0.6 -0.3 -0.1 -0.0 -0.0 -0.0 -0.0 0.0
syst_gamma62- -3.0 -3.3 -2.5 -0.7 +0.3 +0.1 +0.0 +0.0 +0.0 +0.0 0.0
syst_gamma68+ -0.0 -0.2 +0.2 +1.8 +4.3 +6.0 +7.3 +9.8 +11. +13 +16
syst_gamma68- +0.0 +0.2 -0.3 -2.0 -4.2 -5.9 -7.5 -8.5 -9.6 -12 -15
syst_gamma89+ +0.1 +0.1 +0.1 +0.0 +0.0 +0.0 +0.0 +0.0 +0.0 +0.0 +0.0
syst_gamma89- -0.0 -0.1 -0.0 -0.0 -0.0 -0.0 -0.0 +0.0 -0.0 -0.0 +0.0
syst_gamma76+ +5.7 +2.6 +0.6 +1.1 +1.1 +0.8 +0.3 +0.7 +1.1 +0.7 +0.6
syst_gamma76- -5.7 -2.6 -0.6 -1.1 -1.1 -0.8 -0.3 -0.7 -1.1 -0.7 -0.6
syst_gamma82+ +0.0 -0.1 +0.2 -0.4 +0.1 -0.3 -0.1 -0.2 -0.1 +0.0 +0.1
syst_gamma82- -0.0 +0.1 -0.2 +0.4 -0.1 +0.3 +0.1 +0.2 +0.1 -0.0 -0.1
syst_gamma74+ -0.1 +0.0 +0.2 +0.2 +0.2 +0.6 +0.3 -0.1 +0.2 +0.2 +0.5
syst_gamma74- +0.1 -0.0 -0.2 -0.2 -0.2 -0.6 -0.3 +0.1 -0.2 -0.2 -0.5
syst_gamma75+ +0.2 +0.1 +0.1 +0.0 +0.0 +0.0 +0.0 +0.0 +0.0 +0.0 +0.0
syst_gamma75- -0.2 -0.1 -0.1 -0.0 -0.0 -0.0 -0.0 -0.0 -0.0 -0.0 -0.0
syst_gamma83+ +2.0 +1.0 +1.0 +1.0 +1.0 +1.0 +1.0 +1.0 +1.0 +1.0 +1.0
syst_gamma83- -2.0 -1.0 -1.0 -1.0 -1.0 -1.0 -1.0 -1.0 -1.0 -1.0 -1.0
syst_u_1+ +1.0 +1.0 +1.0 +1.0 +1.0 +1.0 +1.0 +1.0 +1.0 +1.0 +1.0
syst_u_1- -1.0 -1.0 -1.0 -1.0 -1.0 -1.0 -1.0 -1.0 -1.0 -1.0 -1.0
syst_u_2+ +0.5 +0.5 +0.5 +0.5 +0.5 +0.5 +0.5 +0.5 +0.5 +0.5 +0.5
syst_u_2- -0.5 -0.5 -0.5 -0.5 -0.5 -0.5 -0.5 -0.5 -0.5 -0.5 -0.5
;mean xmin xmax cross staterr   +syst    -syst 
25.0 20 30 1.304e+03 1.4 22.49 20.17
37.5 30 45 1.887e+02 2.3 19.42 16.50
52.5 45 60 3.068e+01 2.1 13.49 12.48
70.0 60 80 6.991e+00 0.9 10.98 11.22
95.0 80 110 1.357e+00 1.3 11.76 11.28
135.0 110 160 1.860e-01 2.6 12.85 12.45
185.0 160 210 2.128e-02 7.4 14.75 15.45
235.0 210 260 3.343e-03 18. 23.97 22.76
285.0 260 310 9.730e-04 32. 35.88 35.10
355.0 310 400 3.594e-04 44. 48.08 47.22
450.0 400 500 8.801e-05 78. 81.10 81.18
