; Data taken from arxiv1410.8857 
; systematics

syst_gamma1+ +14 +8.1 +1.3 -1.2 -0.5 -0.0 -0.0 -0.0 -0.0 -0.0 0.0
syst_gamma1- -11 -7.2 -1.6 +1.1 +0.5 +0.0 +0.0 +0.0 +0.0 +0.0 0.0
syst_gamma7+ +11. +11. +8.7 +6.4 +6.3 +6.1 +3.9 +3.4 +5.9 +5.4 +6.9
syst_gamma7- -9.6 -10. -7.9 -6.1 -6.1 -5.9 -3.6 -3.6 -5.2 -5.1 -6.3
syst_gamma13+ +17 +10.0 +6.9 +3.8 +3.1 +3.1 +2.8 +3.5 +3.9 +4.4 +4.8
syst_gamma13- -13 -9.3 -6.4 -3.6 -3.1 -3.0 -2.9 -3.4 -3.4 -4.3 -4.1
syst_gamma19+ +8.8 +8.0 +3.6 +3.0 +2.8 +2.5 +2.4 +1.5 +2.0 +1.1 +0.6
syst_gamma19- -8.4 -7.3 -3.7 -2.9 -2.9 -2.4 -2.3 -1.6 -1.7 -1.0 -0.4
syst_gamma25+ +5.3 +2.7 +1.6 +3.6 +2.4 +0.5 +1.8 +2.7 +4.3 +4.2 +3.2
syst_gamma25- -4.7 -2.8 -1.9 -3.5 -2.5 -0.5 -1.8 -2.7 -3.9 -3.8 -3.0
syst_gamma88+ +0.1 +0.1 +0.1 +0.0 +0.0 +0.1 +0.1 +0.0 +0.0 +0.0 +0.0
syst_gamma88- -0.1 -0.1 -0.1 -0.1 -0.1 -0.0 -0.0 -0.0 -0.0 -0.0 -0.0
syst_gamma32+ +2.3 +2.8 +2.9 +3.2 +3.1 +2.7 +2.6 +2.2 +2.3 +2.3 +1.9
syst_gamma32- -2.3 -3.1 -3.2 -3.2 -3.1 -2.6 -2.5 -2.1 -2.2 -2.1 -1.7
syst_gamma38+ +4.8 +3.4 +1.8 +1.6 +1.1 +0.9 +0.7 +0.6 +0.6 +0.5 +0.5
syst_gamma38- -4.4 -3.4 -1.9 -1.3 -1.3 -0.9 -0.7 -0.6 -0.4 -0.5 -0.5
syst_gamma44+ +5.0 +5.2 +4.5 +4.8 +5.4 +5.9 +6.9 +7.7 +8.9 +9.7 +11.
syst_gamma44- -4.9 -5.0 -4.7 -4.7 -5.2 -5.8 -6.7 -7.2 -8.3 -8.8 -9.6
syst_gamma50+ -0.0 -0.0 +0.1 +0.4 +1.1 +2.0 +2.9 +3.7 +5.3 +6.1 +7.5
syst_gamma50- +0.0 +0.0 -0.0 -0.5 -1.4 -1.9 -3.0 -3.6 -4.9 -5.6 -6.8
syst_gamma56+ +0.0 +0.0 +0.0 +0.0 +0.1 +0.1 +0.1 +0.1 +0.2 +0.1 +0.2
syst_gamma56- -0.0 -0.0 +0.0 -0.0 -0.0 -0.1 -0.1 -0.2 -0.2 -0.2 -0.2
syst_gamma62+ +3.0 +3.6 +2.6 +0.7 -0.3 -0.1 -0.0 -0.0 -0.0 -0.0 0.0
syst_gamma62- -3.0 -3.7 -2.7 -0.7 +0.4 +0.1 +0.0 +0.0 +0.0 +0.0 0.0
syst_gamma68+ -0.0 -0.2 +0.2 +2.1 +4.4 +5.9 +8.1 +9.4 +11 +13 +15
syst_gamma68- +0.0 +0.1 -0.2 -2.0 -4.4 -6.0 -7.7 -8.6 -10 -12 -15
syst_gamma89+ +0.1 +0.1 +0.0 +0.0 +0.0 +0.0 +0.0 +0.0 -0.0 +0.0 +0.0
syst_gamma89- -0.1 -0.1 -0.0 -0.0 -0.0 -0.0 -0.0 -0.0 -0.0 -0.0 -0.0
syst_gamma76+ +4.6 +3.3 +1.1 +1.2 +1.0 +0.8 +1.4 +0.5 +0.6 +0.1 +1.2
syst_gamma76- -4.6 -3.3 -1.1 -1.2 -1.0 -0.8 -1.4 -0.5 -0.6 -0.1 -1.2
syst_gamma82+ -0.1 -0.7 -0.1 -0.0 +0.1 +0.2 -0.2 -0.1 -0.2 -0.1 +0.0
syst_gamma82- +0.1 +0.7 +0.1 +0.0 -0.1 -0.2 +0.2 +0.1 +0.2 +0.1 -0.0
syst_gamma74+ -0.2 +0.1 +0.4 +0.3 +0.4 +0.8 +0.3 +0.1 +0.5 +0.4 +0.7
syst_gamma74- +0.2 -0.1 -0.4 -0.3 -0.4 -0.8 -0.3 -0.1 -0.5 -0.4 -0.7
syst_gamma75+ +0.6 +0.3 +0.1 +0.0 +0.0 +0.0 +0.0 +0.0 +0.0 +0.0 +0.0
syst_gamma75- -0.6 -0.3 -0.1 -0.0 -0.0 -0.0 -0.0 -0.0 -0.0 -0.0 -0.0
syst_gamma83+ +2.0 +1.0 +1.0 +1.0 +1.0 +1.0 +1.0 +1.0 +1.0 +1.0 +1.0
syst_gamma83- -2.0 -1.0 -1.0 -1.0 -1.0 -1.0 -1.0 -1.0 -1.0 -1.0 -1.0
syst_u_1+ +1.0 +1.0 +1.0 +1.0 +1.0 +1.0 +1.0 +1.0 +1.0 +1.0 +1.0
syst_u_1- -1.0 -1.0 -1.0 -1.0 -1.0 -1.0 -1.0 -1.0 -1.0 -1.0 -1.0
syst_u_2+ +0.5 +0.5 +0.5 +0.5 +0.5 +0.5 +0.5 +0.5 +0.5 +0.5 +0.5
syst_u_2- -0.5 -0.5 -0.5 -0.5 -0.5 -0.5 -0.5 -0.5 -0.5 -0.5 -0.5
;mean xmin xmax cross staterr   +syst    -syst 
25.0 20 30 2.446e+03 1.1 28.32 23.68
37.5 30 45 3.025e+02 1.9 20.85 19.41
52.5 45 60 4.526e+01 1.8 13.64 13.17
70.0 60 80 9.701e+00 0.8 11.14 10.73
95.0 80 110 1.791e+00 1.1 11.33 11.23
135.0 110 160 2.374e-01 2.3 12.00 11.81
185.0 160 210 2.827e-02 6.6 14.45 14.06
235.0 210 260 3.640e-03 17. 22.17 21.67
285.0 260 310 1.182e-03 29. 33.92 33.14
355.0 310 400 3.585e-04 45. 49.00 48.42
450.0 400 500 1.351e-04 63. 66.79 66.37
