; Data taken from arxiv1410.8857 
; systematics

syst_gamma1+ +13. +4.6 +1.5 -0.8 -0.5 -0.1 -0.0 -0.0 -0.0 -0.0 -0.0
syst_gamma1- -9.6 -3.5 -1.2 +0.7 +0.4 +0.0 +0.0 +0.0 +0.0 +0.0 +0.0
syst_gamma7+ +12 +9.6 +7.6 +6.6 +8.2 +5.7 +4.3 +5.9 +5.9 +3.9 +1.1
syst_gamma7- -10 -8.0 -6.9 -6.8 -7.5 -5.6 -4.6 -5.8 -5.6 -3.6 -1.1
syst_gamma13+ +7.8 +6.7 +4.2 +2.4 +4.5 +3.8 +4.5 +6.2 +4.1 +2.4 +0.7
syst_gamma13- -7.4 -5.4 -3.4 -2.5 -4.2 -4.0 -5.0 -5.9 -3.9 -2.4 -0.7
syst_gamma19+ +7.2 +12. +5.6 +3.9 +4.0 +3.6 +3.1 +2.3 +2.0 +1.0 +3.5
syst_gamma19- -9.2 -9.4 -4.5 -3.8 -3.7 -3.8 -3.1 -2.4 -1.8 -1.1 -3.1
syst_gamma25+ +4.9 +1.8 +0.5 +1.0 +2.2 +0.7 +1.2 +1.8 +1.9 +2.3 +3.7
syst_gamma25- -4.0 -1.2 -0.2 -0.9 -2.3 -0.7 -1.1 -1.7 -1.9 -2.5 -3.3
syst_gamma88+ 0.0 0.0 0.0 0.0 0.0 0.0 0.0 0.0 0.0 0.0 0.0
syst_gamma88- 0.0 0.0 0.0 0.0 0.0 0.0 0.0 0.0 0.0 0.0 0.0
syst_gamma32+ +1.8 +3.3 +3.2 +3.1 +3.6 +3.1 +2.9 +3.0 +2.9 +2.2 +2.3
syst_gamma32- -2.1 -2.5 -2.6 -3.1 -3.4 -3.3 -3.1 -2.9 -2.6 -2.2 -2.3
syst_gamma38+ +5.3 +4.4 +2.4 +1.6 +1.4 +1.0 +0.8 +0.6 +0.6 +0.4 +0.7
syst_gamma38- -5.0 -3.5 -1.9 -1.5 -1.7 -1.0 -0.7 -0.7 -0.6 -0.4 -0.7
syst_gamma44+ +4.5 +5.1 +4.3 +4.6 +5.4 +5.7 +7.2 +7.1 +7.1 +8.7 +10.
syst_gamma44- -4.7 -4.3 -3.8 -4.5 -5.0 -5.9 -7.0 -6.6 -7.3 -7.7 -9.1
syst_gamma50+ -0.0 -0.0 +0.3 +0.5 +1.0 +1.7 +2.8 +4.0 +4.7 +5.7 +7.7
syst_gamma50- +0.0 +0.0 -0.0 -0.3 -1.2 -1.9 -2.9 -3.7 -4.7 -5.3 -7.2
syst_gamma56+ +0.0 +0.0 +0.1 +0.1 +0.1 +0.1 +0.3 +0.3 +0.3 +0.4 +0.9
syst_gamma56- -0.0 -0.0 +0.0 -0.1 -0.1 -0.2 -0.3 -0.4 -0.5 -0.4 -0.8
syst_gamma62+ +1.3 +4.4 +5.0 +4.7 +2.5 -0.2 -0.3 -0.1 -0.0 -0.0 -0.0
syst_gamma62- -2.1 -3.7 -4.4 -4.3 -2.5 +0.1 +0.3 +0.1 +0.0 +0.0 +0.0
syst_gamma68+ -0.0 -0.0 -0.0 -0.1 -0.1 +1.4 +5.6 +7.2 +7.9 +9.9 +12
syst_gamma68- +0.0 +0.0 -0.0 +0.1 +0.1 -1.6 -5.8 -6.9 -8.0 -8.9 -11
syst_gamma89+ 0.0 0.0 0.0 0.0 0.0 0.0 0.0 0.0 0.0 0.0 0.0
syst_gamma89- 0.0 0.0 0.0 0.0 0.0 0.0 0.0 0.0 0.0 0.0 0.0
syst_gamma76+ +4.6 +3.5 +1.4 +0.4 +1.3 +1.3 +1.5 -0.1 +0.1 +0.6 +1.0
syst_gamma76- -4.6 -3.5 -1.4 -0.4 -1.3 -1.3 -1.5 +0.1 -0.1 -0.6 -1.0
syst_gamma82+ -0.1 -0.1 +0.1 +0.1 -0.1 +0.1 +0.2 +0.1 +0.1 -0.1 +0.3
syst_gamma82- +0.1 +0.1 -0.1 -0.1 +0.1 -0.1 -0.2 -0.1 -0.1 +0.1 -0.3
syst_gamma74+ -0.1 +0.0 +0.2 +0.2 +0.2 +0.3 +0.6 +0.6 +0.6 +0.4 +0.5
syst_gamma74- +0.1 -0.0 -0.2 -0.2 -0.2 -0.3 -0.6 -0.6 -0.6 -0.4 -0.5
syst_gamma75+ +0.3 +0.1 +0.1 +0.0 +0.0 +0.0 +0.0 +0.0 +0.0 +0.0 +0.0
syst_gamma75- -0.3 -0.1 -0.1 -0.0 -0.0 -0.0 -0.0 -0.0 -0.0 -0.0 -0.0
syst_gamma83+ +2.0 +1.0 +1.0 +1.0 +1.0 +1.0 +1.0 +1.0 +1.0 +1.0 +1.0
syst_gamma83- -2.0 -1.0 -1.0 -1.0 -1.0 -1.0 -1.0 -1.0 -1.0 -1.0 -1.0
syst_u_1+ +1.0 +1.0 +1.0 +1.0 +1.0 +1.0 +1.0 +1.0 +1.0 +1.0 +1.0
syst_u_1- -1.0 -1.0 -1.0 -1.0 -1.0 -1.0 -1.0 -1.0 -1.0 -1.0 -1.0
syst_u_2+ +0.5 +0.5 +0.5 +0.5 +0.5 +0.5 +0.5 +0.5 +0.5 +0.5 +0.5
syst_u_2- -0.5 -0.5 -0.5 -0.5 -0.5 -0.5 -0.5 -0.5 -0.5 -0.5 -0.5
;mean xmin xmax cross staterr   +syst    -syst 
25.0 20 30 1.308e+03 1.7 23.07 20.81
37.5 30 45 1.945e+02 2.9 20.10 16.40
52.5 45 60 3.317e+01 2.6 13.41 11.67
70.0 60 80 7.315e+00 1.1 11.20 11.07
95.0 80 110 1.378e+00 1.7 12.92 12.13
135.0 110 160 1.987e-01 3.2 11.08 11.38
185.0 160 210 2.552e-02 8.6 15.13 15.40
235.0 210 260 4.231e-03 19. 23.94 23.55
285.0 260 310 1.196e-03 39. 41.55 41.52
355.0 310 400 4.272e-04 46. 48.55 48.13
450.0 400 500 7.039e-05 115 116.47 116.24
