; Data taken from arxiv1410.8857 
; systematics

syst_gamma3+ +13. +4.3 +1.8 -0.8 -0.5 -0.1 -0.0 -0.0 -0.0 -0.1
syst_gamma3- -9.1 -3.8 -1.4 +0.7 +0.4 +0.0 +0.0 +0.0 +0.0 +0.1
syst_gamma9+ +6.5 +13 +8.7 +6.6 +7.2 +7.5 +6.5 +6.3 +7.1 +6.9
syst_gamma9- -8.3 -11 -7.2 -6.5 -6.7 -6.6 -6.3 -6.2 -5.5 -7.5
syst_gamma15+ +12. +7.0 +6.5 +5.0 +4.7 +4.8 +5.2 +5.0 +5.1 +5.6
syst_gamma15- -9.3 -6.5 -5.7 -5.0 -4.6 -4.5 -5.1 -4.8 -4.0 -5.6
syst_gamma21+ +13. +1.0 -0.4 +0.5 +1.2 +1.2 +1.0 +2.2 +2.9 +2.4
syst_gamma21- -8.5 -0.6 +0.3 -0.5 -1.2 -1.1 -1.0 -2.1 -2.7 -3.2
syst_gamma27+ +4.4 +2.3 +2.0 +2.5 +1.0 +1.2 +2.3 +3.3 +5.3 +6.2
syst_gamma27- -3.9 -2.0 -1.6 -2.4 -1.0 -1.1 -2.5 -3.3 -4.2 -6.3
syst_gamma88+ +15 +17 +11. +6.2 +5.2 +4.8 +6.2 +7.2 +9.3 +10
syst_gamma88- -14 -14 -8.8 -6.0 -4.8 -4.6 -6.1 -6.9 -7.6 -11
syst_gamma34+ +2.1 +2.9 +3.5 +2.9 +3.5 +3.0 +2.9 +2.9 +3.1 +3.0
syst_gamma34- -2.2 -2.8 -2.9 -3.0 -3.3 -2.9 -3.1 -2.7 -2.7 -3.6
syst_gamma40+ +4.5 +3.4 +2.3 +1.3 +1.4 +1.1 +0.6 +0.8 +0.9 +0.8
syst_gamma40- -4.1 -3.3 -1.7 -1.3 -1.3 -0.9 -0.7 -0.8 -0.9 -1.0
syst_gamma46+ +4.5 +5.1 +5.0 +4.6 +5.9 +7.1 +8.6 +9.9 +14 +14
syst_gamma46- -4.5 -4.9 -4.2 -4.8 -5.5 -6.4 -8.3 -9.5 -12 -14
syst_gamma52+ -0.0 -0.0 +0.2 +0.5 +1.4 +2.2 +3.5 +5.2 +7.5 +9.0
syst_gamma52- +0.0 +0.0 -0.1 -0.5 -1.4 -2.2 -3.7 -5.1 -6.0 -9.2
syst_gamma58+ +0.0 +0.0 +0.0 +0.0 +0.0 +0.2 +0.1 +0.1 +0.3 +0.2
syst_gamma58- -0.0 -0.0 -0.0 -0.0 -0.1 -0.1 -0.1 -0.2 -0.3 -0.6
syst_gamma64+ +2.6 +3.6 +3.0 +0.7 -0.4 -0.1 -0.0 -0.0 -0.0 -0.0
syst_gamma64- -2.9 -3.6 -2.3 -0.7 +0.3 +0.1 +0.0 +0.0 +0.0 +0.0
syst_gamma70+ -0.0 -0.2 +0.3 +1.8 +4.9 +7.2 +10. +12 +17 +19
syst_gamma70- +0.0 +0.1 -0.2 -2.0 -4.7 -6.5 -9.6 -12 -14 -18
syst_gamma89+ +5.0 +6.0 +5.5 +4.2 +4.1 +3.1 +3.8 +4.8 +6.2 +7.0
syst_gamma89- -5.2 -5.7 -4.5 -4.2 -3.8 -3.0 -4.0 -4.7 -4.9 -7.3
syst_gamma78+ +12. +5.5 +1.7 +1.3 +1.8 +2.3 +2.3 +3.4 +0.8 +3.4
syst_gamma78- -12. -5.5 -1.7 -1.3 -1.8 -2.3 -2.3 -3.4 -0.8 -3.4
syst_gamma82+ -0.6 -0.4 -0.1 -0.1 -0.3 -0.1 -0.2 -0.1 -0.1 +0.0
syst_gamma82- +0.6 +0.4 +0.1 +0.1 +0.3 +0.1 +0.2 +0.1 +0.1 -0.0
syst_gamma74+ -0.1 +0.1 +0.2 +0.3 +0.3 +0.4 +1.1 +1.2 +0.7 +0.2
syst_gamma74- +0.1 -0.1 -0.2 -0.3 -0.3 -0.4 -1.1 -1.2 -0.7 -0.2
syst_gamma75+ +0.6 +0.1 +0.1 +0.0 +0.0 +0.0 +0.0 +0.0 +0.0 +0.0
syst_gamma75- -0.6 -0.1 -0.1 -0.0 -0.0 -0.0 -0.0 -0.0 -0.0 -0.0
syst_gamma83+ +2.0 +1.0 +1.0 +1.0 +1.0 +1.0 +1.0 +1.0 +1.0 +1.0
syst_gamma83- -2.0 -1.0 -1.0 -1.0 -1.0 -1.0 -1.0 -1.0 -1.0 -1.0
syst_u_1+ +1.0 +1.0 +1.0 +1.0 +1.0 +1.0 +1.0 +1.0 +1.0 +1.0
syst_u_1- -1.0 -1.0 -1.0 -1.0 -1.0 -1.0 -1.0 -1.0 -1.0 -1.0
syst_u_2+ +0.5 +0.5 +0.5 +0.5 +0.5 +0.5 +0.5 +0.5 +0.5 +0.5
syst_u_2- -0.5 -0.5 -0.5 -0.5 -0.5 -0.5 -0.5 -0.5 -0.5 -0.5
;mean xmin xmax cross staterr   +syst    -syst 
25.0 20 30 9.462e+02 1.2 31.57 27.39
37.5 30 45 1.270e+02 2.1 25.77 22.44
52.5 45 60 2.007e+01 1.9 18.36 15.16
70.0 60 80 4.185e+00 0.9 13.11 13.07
95.0 80 110 7.174e-01 1.3 14.25 13.43
135.0 110 160 8.204e-02 2.8 15.74 14.46
185.0 160 210 9.146e-03 8.4 20.07 19.76
235.0 210 260 9.061e-04 24. 32.01 31.72
285.0 260 310 8.945e-05 77. 81.99 80.43
355.0 310 400 2.379e-05 122 125.77 125.81
