; Data taken from arxiv1410.8857 
; systematics

syst_gamma1+ +14 +8.4 +1.3 -1.2 -0.5 -0.1 -0.0 -0.0 -0.0 -0.0 0.0
syst_gamma1- -12 -7.2 -1.3 +1.1 +0.4 +0.0 +0.0 +0.0 +0.0 +0.0 0.0
syst_gamma7+ +11 +12. +7.7 +7.0 +7.3 +4.9 +6.9 +8.5 +4.9 +3.4 +4.6
syst_gamma7- -11 -9.9 -6.8 -7.4 -6.5 -4.8 -6.7 -7.4 -4.4 -3.5 -3.4
syst_gamma13+ +20 +11. +4.1 +1.4 +1.5 +2.8 +4.9 +4.5 +2.8 +3.7 +3.3
syst_gamma13- -15 -8.6 -3.6 -1.2 -1.5 -3.2 -4.9 -3.9 -2.6 -3.7 -2.4
syst_gamma19+ +10. +8.7 +3.9 +4.1 +4.8 +3.1 +2.0 +1.6 +1.4 +0.7 +0.9
syst_gamma19- -9.3 -7.5 -3.4 -4.1 -4.4 -3.4 -2.1 -1.5 -1.4 -0.7 -0.6
syst_gamma25+ +7.3 +1.7 +0.8 +1.1 +1.3 +1.0 +1.4 +2.0 +2.6 +3.7 +3.9
syst_gamma25- -5.3 -1.9 -1.0 -1.1 -1.1 -1.2 -1.4 -1.9 -2.7 -3.6 -2.9
syst_gamma88+ 0.0 0.0 0.0 0.0 0.0 0.0 0.0 0.0 0.0 0.0 0.0
syst_gamma88- 0.0 0.0 0.0 0.0 0.0 0.0 0.0 0.0 0.0 0.0 0.0
syst_gamma32+ +2.1 +2.6 +3.0 +3.5 +3.7 +3.0 +3.0 +3.1 +2.6 +2.3 +2.9
syst_gamma32- -2.3 -2.8 -2.7 -3.5 -3.6 -3.2 -3.0 -2.8 -2.5 -2.5 -2.0
syst_gamma38+ +6.1 +3.9 +2.0 +1.7 +1.7 +0.8 +0.9 +0.6 +0.8 +0.6 +0.6
syst_gamma38- -5.3 -3.9 -2.0 -1.7 -1.5 -1.0 -0.8 -0.7 -0.7 -0.5 -0.5
syst_gamma44+ +5.1 +5.0 +4.3 +5.0 +5.6 +5.9 +7.0 +7.5 +7.3 +8.8 +9.9
syst_gamma44- -4.8 -4.7 -3.9 -5.1 -5.3 -5.7 -6.6 -6.7 -7.0 -7.9 -9.1
syst_gamma50+ -0.0 -0.0 +0.1 +0.5 +1.2 +1.5 +2.8 +4.0 +4.6 +5.9 +8.0
syst_gamma50- +0.0 -0.0 -0.1 -0.6 -0.9 -1.9 -2.9 -3.6 -4.3 -5.8 -7.2
syst_gamma56+ +0.0 -0.0 +0.0 +0.1 +0.1 +0.1 +0.3 +0.2 +0.5 +0.6 +0.6
syst_gamma56- -0.0 -0.1 -0.0 -0.0 -0.1 -0.2 -0.4 -0.3 -0.5 -0.5 -0.6
syst_gamma62+ +1.7 +4.0 +4.9 +5.0 +2.6 -0.3 -0.3 -0.1 -0.0 -0.0 -0.0
syst_gamma62- -2.3 -4.1 -4.5 -4.7 -2.4 +0.2 +0.3 +0.1 +0.0 +0.0 +0.0
syst_gamma68+ -0.0 -0.0 -0.0 -0.1 +0.0 +1.2 +5.4 +7.7 +8.2 +10. +12
syst_gamma68- +0.0 +0.0 +0.0 +0.1 +0.1 -1.8 -5.6 -7.0 -7.9 -8.8 -11
syst_gamma89+ 0.0 0.0 0.0 0.0 0.0 0.0 0.0 0.0 0.0 0.0 0.0
syst_gamma89- 0.0 0.0 0.0 0.0 0.0 0.0 0.0 0.0 0.0 0.0 0.0
syst_gamma76+ +5.3 +3.6 +2.7 -0.3 +1.6 +0.4 +0.9 +1.0 +0.7 -0.1 +1.7
syst_gamma76- -5.3 -3.6 -2.7 +0.3 -1.6 -0.4 -0.9 -1.0 -0.7 +0.1 -1.7
syst_gamma82+ -0.3 -0.1 -0.0 -0.1 -0.0 -0.0 +0.1 +0.2 +0.0 +0.1 +0.1
syst_gamma82- +0.3 +0.1 +0.0 +0.1 +0.0 +0.0 -0.1 -0.2 -0.0 -0.1 -0.1
syst_gamma74+ -0.1 +0.0 +0.1 +0.1 +0.1 +0.2 +0.4 +0.4 +0.4 +0.3 +0.4
syst_gamma74- +0.1 -0.0 -0.1 -0.1 -0.1 -0.2 -0.4 -0.4 -0.4 -0.3 -0.4
syst_gamma75+ +0.5 +0.1 +0.1 +0.0 +0.0 +0.0 +0.0 +0.0 +0.0 +0.0 +0.0
syst_gamma75- -0.5 -0.1 -0.1 -0.0 -0.0 -0.0 -0.0 -0.0 -0.0 -0.0 -0.0
syst_gamma83+ +2.0 +1.0 +1.0 +1.0 +1.0 +1.0 +1.0 +1.0 +1.0 +1.0 +1.0
syst_gamma83- -2.0 -1.0 -1.0 -1.0 -1.0 -1.0 -1.0 -1.0 -1.0 -1.0 -1.0
syst_u_1+ +1.0 +1.0 +1.0 +1.0 +1.0 +1.0 +1.0 +1.0 +1.0 +1.0 +1.0
syst_u_1- -1.0 -1.0 -1.0 -1.0 -1.0 -1.0 -1.0 -1.0 -1.0 -1.0 -1.0
syst_u_2+ +0.5 +0.5 +0.5 +0.5 +0.5 +0.5 +0.5 +0.5 +0.5 +0.5 +0.5
syst_u_2- -0.5 -0.5 -0.5 -0.5 -0.5 -0.5 -0.5 -0.5 -0.5 -0.5 -0.5
;mean xmin xmax cross staterr   +syst    -syst 
25.0 20 30 2.542e+03 1.4 31.25 26.49
37.5 30 45 3.004e+02 2.4 22.32 19.15
52.5 45 60 4.742e+01 2.2 12.79 11.60
70.0 60 80 1.008e+01 1.0 11.80 11.93
95.0 80 110 1.836e+00 1.5 11.99 11.05
135.0 110 160 2.553e-01 2.8 10.05 10.36
185.0 160 210 3.188e-02 7.9 15.47 15.30
235.0 210 260 5.418e-03 17. 23.09 21.99
285.0 260 310 1.592e-03 34. 36.73 36.49
355.0 310 400 4.135e-04 47. 49.69 49.31
450.0 400 500 6.752e-05 120 121.53 121.21
