; Data taken from arxiv1410.8857 
; systematics

syst_gamma2+ +12 +8.2 +1.5 -1.2 -0.5 -0.1 -0.0 -0.0 -0.0 -0.5
syst_gamma2- -10 -7.6 -2.0 +1.2 +0.5 +0.1 +0.0 +0.0 +0.0 +0.5
syst_gamma8+ +8.6 +11. +8.8 +6.7 +6.3 +6.2 +3.6 +4.0 +5.8 +6.0
syst_gamma8- -8.7 -10. -8.4 -6.4 -5.7 -5.9 -3.4 -4.0 -5.6 -6.2
syst_gamma14+ +14 +10. +7.3 +3.8 +3.2 +3.0 +2.8 +4.0 +3.5 +4.0
syst_gamma14- -12 -9.3 -6.7 -3.9 -3.0 -2.8 -2.7 -3.5 -3.7 -4.7
syst_gamma20+ +10. +5.0 +2.8 +1.9 +1.3 +1.9 +2.1 +2.4 +2.1 +0.8
syst_gamma20- -8.2 -4.8 -3.4 -1.9 -1.0 -1.9 -1.9 -2.0 -2.4 -1.0
syst_gamma26+ +4.7 +3.0 +1.6 +3.5 +2.6 +0.5 +1.7 +3.3 +4.1 +4.2
syst_gamma26- -4.0 -2.9 -2.4 -3.7 -2.2 -0.6 -1.6 -2.6 -4.3 -4.5
syst_gamma88+ +3.8 +4.8 +3.5 +3.2 +3.4 +3.3 +3.5 +4.4 +4.8 +5.8
syst_gamma88- -3.9 -4.6 -3.8 -3.3 -3.3 -3.2 -3.5 -4.1 -4.9 -5.8
syst_gamma33+ +1.9 +3.0 +3.1 +3.2 +3.1 +2.8 +2.4 +2.5 +2.2 +2.2
syst_gamma33- -2.0 -3.2 -3.6 -3.3 -3.1 -2.6 -2.4 -2.0 -2.5 -2.3
syst_gamma39+ +4.3 +3.7 +1.9 +1.5 +1.2 +0.8 +0.6 +0.5 +0.5 +0.2
syst_gamma39- -3.8 -3.6 -2.4 -1.6 -1.0 -0.8 -0.7 -0.5 -0.7 -0.5
syst_gamma45+ +4.4 +5.5 +4.7 +5.0 +5.4 +6.1 +6.9 +8.3 +10. +11
syst_gamma45- -4.2 -5.3 -5.0 -5.1 -4.9 -5.9 -6.3 -7.6 -9.1 -11
syst_gamma51+ -0.0 -0.0 +0.1 +0.6 +1.3 +1.9 +3.0 +4.3 +5.3 +7.1
syst_gamma51- +0.0 -0.0 -0.1 -0.6 -1.1 -1.9 -2.9 -3.8 -5.3 -7.3
syst_gamma57+ +0.0 +0.0 +0.0 +0.0 +0.0 +0.1 +0.1 +0.2 +0.1 +0.1
syst_gamma57- -0.0 -0.1 -0.0 -0.0 -0.0 -0.1 -0.1 -0.1 -0.2 -0.2
syst_gamma63+ +2.5 +3.9 +2.6 +0.8 -0.4 -0.1 -0.0 -0.0 -0.0 -0.1
syst_gamma63- -2.7 -3.9 -3.1 -0.7 +0.4 +0.1 +0.0 +0.0 +0.0 +0.1
syst_gamma69+ -0.0 -0.1 +0.2 +2.2 +4.6 +6.2 +8.1 +11. +13 +15
syst_gamma69- +0.0 +0.2 -0.4 -2.3 -4.4 -6.0 -7.4 -9.3 -12 -15
syst_gamma89+ +3.2 +4.3 +3.0 +2.5 +1.4 +0.4 +0.6 +0.7 +0.9 +0.7
syst_gamma89- -3.3 -4.2 -3.5 -2.5 -1.1 -0.4 -0.6 -0.7 -1.0 -1.1
syst_gamma77+ +10. +7.6 +2.5 +2.9 +1.9 +2.0 +3.1 +0.9 +4.1 +2.7
syst_gamma77- -10. -7.6 -2.5 -2.9 -1.9 -2.0 -3.1 -0.9 -4.1 -2.7
syst_gamma82+ +1.3 +0.0 +0.4 +0.4 -0.4 -0.3 +0.3 +0.2 +0.4 +0.2
syst_gamma82- -1.3 -0.0 -0.4 -0.4 +0.4 +0.3 -0.3 -0.2 -0.4 -0.2
syst_gamma74+ -0.3 +0.1 +0.5 +0.5 +0.5 +1.4 +0.2 -0.3 +0.6 +1.8
syst_gamma74- +0.3 -0.1 -0.5 -0.5 -0.5 -1.4 -0.2 +0.3 -0.6 -1.8
syst_gamma75+ +0.4 +0.2 +0.1 +0.0 +0.0 +0.0 +0.0 +0.0 +0.0 +0.0
syst_gamma75- -0.4 -0.2 -0.1 -0.0 -0.0 -0.0 -0.0 -0.0 -0.0 -0.0
syst_gamma83+ +2.0 +1.0 +1.0 +1.0 +1.0 +1.0 +1.0 +1.0 +1.0 +1.0
syst_gamma83- -2.0 -1.0 -1.0 -1.0 -1.0 -1.0 -1.0 -1.0 -1.0 -1.0
syst_u_1+ +1.0 +1.0 +1.0 +1.0 +1.0 +1.0 +1.0 +1.0 +1.0 +1.0
syst_u_1- -1.0 -1.0 -1.0 -1.0 -1.0 -1.0 -1.0 -1.0 -1.0 -1.0
syst_u_2+ +0.5 +0.5 +0.5 +0.5 +0.5 +0.5 +0.5 +0.5 +0.5 +0.5
syst_u_2- -0.5 -0.5 -0.5 -0.5 -0.5 -0.5 -0.5 -0.5 -0.5 -0.5
;mean xmin xmax cross staterr   +syst    -syst 
25.0 20 30 2.275e+03 1.3 26.78 24.11
37.5 30 45 2.557e+02 2.2 22.29 21.12
52.5 45 60 3.977e+01 2.1 14.84 15.18
70.0 60 80 8.237e+00 1.0 12.19 12.24
95.0 80 110 1.505e+00 1.4 11.98 11.10
135.0 110 160 1.959e-01 2.8 12.89 12.45
185.0 160 210 2.073e-02 8.3 15.81 15.09
235.0 210 260 2.537e-03 21. 26.97 25.76
285.0 260 310 7.773e-04 39. 43.97 43.55
355.0 310 400 1.077e-04 83. 86.07 86.16
