; Data taken from arxiv1410.8857 
; systematics

syst_gamma4+ +14. +4.2 +2.2 -0.8 -0.4 -0.0 -0.0 -0.0
syst_gamma4- -9.3 -3.5 -2.0 +0.7 +0.3 +0.0 +0.0 +0.0
syst_gamma10+ +6.7 +13 +9.3 +8.3 +10. +11 +11 +12.
syst_gamma10- -8.1 -10 -8.0 -7.6 -9.2 -10 -11 -9.2
syst_gamma16+ +13. +7.0 +7.3 +6.2 +7.4 +7.1 +7.6 +7.8
syst_gamma16- -9.3 -6.2 -6.4 -6.0 -6.1 -6.9 -10. -6.2
syst_gamma22+ +8.1 +4.6 +2.5 +1.6 +1.2 +1.9 +2.1 -0.8
syst_gamma22- -6.3 -3.9 -2.3 -1.4 -1.2 -1.7 -2.3 -1.8
syst_gamma28+ +4.9 +2.2 +2.1 +3.2 +1.4 +1.9 +3.3 +4.3
syst_gamma28- -3.9 -1.8 -1.9 -3.0 -1.5 -1.7 -4.2 -5.4
syst_gamma88+ +29 +30 +18 +11. +10. +11 +16 +23
syst_gamma88- -24 -22 -14 -9.9 -9.1 -10 -17 -24
syst_gamma35+ +2.1 +3.0 +3.4 +3.8 +5.2 +4.9 +5.0 +0.7
syst_gamma35- -2.1 -2.5 -3.2 -3.6 -4.4 -3.9 -4.6 -3.5
syst_gamma41+ +5.0 +3.6 +2.3 +2.0 +1.7 +1.4 +1.0 -0.5
syst_gamma41- -4.1 -2.9 -2.0 -1.8 -1.8 -1.3 -1.1 -2.1
syst_gamma47+ +4.9 +5.0 +5.5 +6.0 +8.7 +10 +14 +17
syst_gamma47- -4.4 -4.3 -4.8 -5.8 -7.3 -10 -17 -24
syst_gamma53+ -0.0 -0.0 +0.1 +0.7 +2.0 +3.0 +6.6 +8.9
syst_gamma53- +0.0 +0.0 -0.2 -0.7 -2.0 -3.0 -8.1 -8.8
syst_gamma59+ +0.0 +0.0 +0.0 +0.0 +0.1 +0.1 +0.1 -0.0
syst_gamma59- -0.0 -0.0 -0.0 -0.0 -0.1 -0.0 -0.2 -1.2
syst_gamma65+ +2.8 +3.7 +3.0 +0.9 -0.4 -0.1 -0.0 -0.0
syst_gamma65- -2.7 -3.2 -2.7 -0.9 +0.4 +0.1 +0.0 +0.0
syst_gamma71+ -0.0 -0.2 +0.5 +2.6 +7.5 +10 +17 +34
syst_gamma71- +0.0 +0.1 -0.3 -2.7 -6.3 -10 -19 -29
syst_gamma89+ +4.2 +4.5 +3.8 +3.4 +2.8 +1.7 +2.2 +0.4
syst_gamma89- -3.8 -3.9 -3.6 -3.3 -2.8 -1.5 -2.7 -3.0
syst_gamma79+ +18. +5.1 +0.3 +2.6 +2.7 +1.4 +1.0 +6.2
syst_gamma79- -18. -5.1 -0.3 -2.6 -2.7 -1.4 -1.0 -6.2
syst_gamma82+ -0.4 -0.8 -0.1 +0.2 -0.8 +0.0 +0.9 +3.1
syst_gamma82- +0.4 +0.8 +0.1 -0.2 +0.8 -0.0 -0.9 -3.1
syst_gamma74+ -0.0 +0.3 +0.4 +0.4 +0.5 +0.8 +1.8 +11.4
syst_gamma74- +0.0 -0.3 -0.4 -0.4 -0.5 -0.8 -1.8 -11.4
syst_gamma75+ +0.0 +0.1 +0.0 +0.0 +0.0 +0.0 +0.0 +0.0
syst_gamma75- -0.0 -0.1 -0.0 -0.0 -0.0 -0.0 -0.0 -0.0
syst_gamma84+ +2.0 +1.0 +1.0 +1.0 +1.0 +1.0 +1.0 +1.0
syst_gamma84- -2.0 -1.0 -1.0 -1.0 -1.0 -1.0 -1.0 -1.0
syst_u_1+ +1.0 +1.0 +1.0 +1.0 +1.0 +1.0 +1.0 +1.0
syst_u_1- -1.0 -1.0 -1.0 -1.0 -1.0 -1.0 -1.0 -1.0
syst_u_2+ +0.5 +0.5 +0.5 +0.5 +0.5 +0.5 +0.5 +0.5
syst_u_2- -0.5 -0.5 -0.5 -0.5 -0.5 -0.5 -0.5 -0.5
;mean xmin xmax cross staterr   +syst    -syst 
25.0 20 30 6.251e+02 1.9 41.86 35.56
37.5 30 45 7.790e+01 1.5 35.69 27.26
52.5 45 60 1.031e+01 2.6 23.65 19.51
70.0 60 80 1.804e+00 1.3 18.08 16.84
95.0 80 110 2.169e-01 2.7 21.21 18.81
135.0 110 160 1.123e-02 8.6 24.83 23.67
185.0 160 210 5.265e-04 39. 50.38 52.98
235.0 210 260 6.264e-05 113 123.40 123.30
