; Data taken from arxiv1410.8857 
; systematics

syst_gamma4+ +16 +8.4 +1.6 -1.1 -0.3 -0.0 -0.0 -0.0
syst_gamma4- -12 -7.4 -1.6 +1.0 +0.3 +0.0 +0.0 +0.0
syst_gamma10+ +12 +11 +10. +8.4 +9.7 +11. +6.7 +12
syst_gamma10- -10 -10 -8.8 -7.3 -8.0 -9.3 -6.4 -13
syst_gamma16+ +20 +10. +8.3 +5.0 +4.7 +6.0 +5.6 +9.1
syst_gamma16- -14 -9.6 -7.3 -4.4 -4.3 -5.3 -4.8 -12.
syst_gamma22+ +6.4 +6.0 +3.9 +2.2 +0.8 +1.1 +1.6 +1.7
syst_gamma22- -6.0 -5.8 -3.5 -1.8 -0.6 -1.0 -1.4 -3.9
syst_gamma28+ +5.9 +3.0 +1.8 +4.7 +3.1 +1.6 +3.3 +7.9
syst_gamma28- -5.0 -2.9 -2.0 -4.3 -2.8 -1.2 -3.6 -10.
syst_gamma88+ +26 +23 +14 +9.4 +8.4 +9.4 +11 +24
syst_gamma88- -21 -19 -11 -7.8 -6.9 -8.3 -10 -19
syst_gamma35+ +2.2 +3.1 +3.4 +4.2 +4.2 +5.3 +4.9 +3.9
syst_gamma35- -2.6 -3.1 -3.1 -3.9 -3.9 -4.9 -4.0 -6.3
syst_gamma41+ +5.4 +3.6 +2.1 +2.0 +1.4 +1.9 +1.2 +0.6
syst_gamma41- -4.7 -3.6 -2.0 -1.6 -1.4 -1.6 -1.1 -1.7
syst_gamma47+ +5.4 +5.4 +5.4 +6.3 +8.0 +11. +14 +29
syst_gamma47- -5.1 -5.4 -4.8 -5.8 -7.0 -9.7 -12 -20
syst_gamma53+ -0.0 +0.0 +0.1 +1.0 +1.6 +3.6 +6.2 +13
syst_gamma53- +0.0 +0.0 -0.2 -0.6 -1.6 -3.8 -5.3 -13
syst_gamma59+ +0.0 +0.0 +0.0 +0.1 +0.1 +0.2 +0.2 -0.1
syst_gamma59- -0.0 -0.0 -0.1 -0.1 -0.0 -0.2 -0.2 +0.0
syst_gamma65+ +3.0 +3.8 +2.8 +1.1 -0.4 -0.1 -0.0 -0.0
syst_gamma65- -3.2 -3.9 -2.7 -0.6 +0.4 +0.1 +0.0 +0.0
syst_gamma71+ -0.0 -0.1 +0.5 +2.9 +6.8 +11. +16 +38
syst_gamma71- +0.0 +0.1 -0.4 -2.6 -6.2 -9.9 -14 -24
syst_gamma89+ +4.5 +4.6 +4.0 +3.9 +2.5 +2.3 +2.4 +1.4
syst_gamma89- -4.5 -4.8 -3.6 -3.6 -2.5 -2.1 -2.5 -4.6
syst_gamma79+ +20. +5.7 +1.8 +2.3 +4.2 +3.9 +4.1 +11.
syst_gamma79- -20. -5.7 -1.8 -2.3 -4.2 -3.9 -4.1 -11.
syst_gamma82+ -0.7 -1.1 -0.6 -0.1 -0.2 -0.7 -1.1 +0.1
syst_gamma82- +0.7 +1.1 +0.6 +0.1 +0.2 +0.7 +1.1 -0.1
syst_gamma74+ +0.0 +0.3 +0.5 +0.5 +0.6 +0.9 +2.1 -1.9
syst_gamma74- -0.0 -0.3 -0.5 -0.5 -0.6 -0.9 -2.1 +1.9
syst_gamma75+ +0.3 +0.2 +0.0 +0.0 +0.0 +0.0 +0.0 +0.0
syst_gamma75- -0.3 -0.2 -0.0 -0.0 -0.0 -0.0 -0.0 -0.0
syst_gamma84+ +2.0 +1.0 +1.0 +1.0 +1.0 +1.0 +1.0 +1.0
syst_gamma84- -2.0 -1.0 -1.0 -1.0 -1.0 -1.0 -1.0 -1.0
syst_u_1+ +1.0 +1.0 +1.0 +1.0 +1.0 +1.0 +1.0 +1.0
syst_u_1- -1.0 -1.0 -1.0 -1.0 -1.0 -1.0 -1.0 -1.0
syst_u_2+ +0.5 +0.5 +0.5 +0.5 +0.5 +0.5 +0.5 +0.5
syst_u_2- -0.5 -0.5 -0.5 -0.5 -0.5 -0.5 -0.5 -0.5
;mean xmin xmax cross staterr   +syst    -syst 
25.0 20 30 1.154e+03 1.5 45.30 37.89
37.5 30 45 1.225e+02 1.3 31.47 27.89
52.5 45 60 1.439e+01 2.3 21.60 18.41
70.0 60 80 2.422e+00 1.3 17.57 15.41
95.0 80 110 2.803e-01 2.4 19.02 16.67
135.0 110 160 1.515e-02 7.4 24.79 22.29
185.0 160 210 6.440e-04 35. 44.52 42.66
235.0 210 260 6.303e-05 114 128.31 122.97
