; Data taken from arxiv1410.8857 
; systematics

syst_gamma2+ +11. +3.6 +1.6 -0.7 -0.5 -0.1 -0.0 -0.0 -0.0 -0.5
syst_gamma2- -8.7 -3.6 -1.2 +0.7 +0.4 +0.0 +0.0 +0.0 +0.0 +0.4
syst_gamma8+ +5.7 +12 +8.7 +7.0 +6.7 +6.8 +5.4 +5.0 +5.3 +5.6
syst_gamma8- -8.1 -10 -7.1 -6.1 -5.6 -5.8 -5.9 -4.8 -4.8 -5.5
syst_gamma14+ +9.8 +6.3 +6.4 +5.8 +4.3 +4.8 +4.2 +4.1 +3.4 +4.2
syst_gamma14- -8.9 -6.2 -5.7 -4.9 -3.7 -3.8 -4.8 -3.7 -3.1 -3.9
syst_gamma20+ +14 +3.5 +1.4 +3.4 +2.9 +2.8 +2.6 +2.6 +1.3 +1.3
syst_gamma20- -12 -3.3 -1.1 -2.9 -2.6 -2.3 -3.3 -2.2 -1.3 -1.5
syst_gamma26+ +3.9 +1.9 +1.6 +2.9 +0.9 +1.1 +2.0 +2.6 +3.6 +4.9
syst_gamma26- -3.7 -2.0 -1.4 -2.4 -0.9 -1.0 -1.9 -2.4 -3.3 -4.6
syst_gamma88+ +6.2 +7.4 +6.7 +5.7 +3.9 +3.9 +3.8 +4.4 +5.2 +6.6
syst_gamma88- -6.8 -7.1 -5.7 -4.9 -3.4 -3.0 -4.4 -4.1 -4.8 -6.2
syst_gamma33+ +1.9 +2.5 +3.0 +3.8 +2.9 +3.1 +2.4 +2.3 +2.0 +2.4
syst_gamma33- -2.0 -2.8 -2.6 -3.1 -2.6 -2.5 -3.2 -2.1 -1.9 -2.5
syst_gamma39+ +4.1 +3.0 +1.8 +1.8 +1.2 +1.0 +0.7 +0.6 +0.7 +0.5
syst_gamma39- -4.0 -3.2 -1.5 -1.3 -1.1 -0.9 -0.7 -0.5 -0.4 -0.8
syst_gamma45+ +4.2 +4.5 +4.8 +5.4 +5.3 +6.4 +7.1 +7.9 +9.6 +11
syst_gamma45- -4.3 -4.7 -4.2 -4.7 -4.6 -5.6 -7.3 -7.5 -9.2 -11
syst_gamma51+ -0.0 -0.0 +0.0 +0.4 +1.2 +2.2 +3.0 +4.1 +5.5 +7.8
syst_gamma51- +0.0 +0.0 -0.1 -0.5 -1.1 -1.9 -3.6 -3.7 -5.2 -7.2
syst_gamma57+ +0.0 +0.0 +0.0 +0.0 +0.0 +0.1 +0.1 +0.2 +0.2 +0.2
syst_gamma57- -0.0 -0.0 -0.0 -0.1 -0.1 -0.1 -0.1 -0.1 -0.2 -0.2
syst_gamma63+ +2.5 +3.2 +2.7 +0.9 -0.4 -0.2 -0.0 -0.0 -0.0 -0.1
syst_gamma63- -2.6 -3.4 -2.2 -0.7 +0.3 +0.1 +0.0 +0.0 +0.0 +0.1
syst_gamma69+ -0.0 -0.2 +0.1 +2.3 +4.3 +6.5 +8.2 +9.6 +12 +16
syst_gamma69- +0.0 +0.2 -0.0 -2.1 -3.8 -5.8 -8.2 -9.5 -12 -14
syst_gamma89+ +3.6 +4.1 +3.7 +3.6 +2.0 +1.3 +1.5 +1.6 +1.7 +2.2
syst_gamma89- -3.8 -4.1 -3.2 -3.0 -1.6 -1.1 -1.4 -1.6 -1.7 -2.3
syst_gamma77+ +9.5 +5.3 +3.9 +1.2 +2.8 +3.0 +2.5 +0.3 +2.9 +2.1
syst_gamma77- -9.5 -5.3 -3.9 -1.2 -2.8 -3.0 -2.5 -0.3 -2.9 -2.1
syst_gamma82+ +1.2 +0.1 -0.5 +0.1 +0.3 -0.0 +0.1 +0.0 +0.1 +0.2
syst_gamma82- -1.2 -0.1 +0.5 -0.1 -0.3 +0.0 -0.1 -0.0 -0.1 -0.2
syst_gamma74+ -0.3 -0.0 +0.5 +0.5 +0.5 +1.4 +0.2 -0.4 +0.6 +2.1
syst_gamma74- +0.3 +0.0 -0.5 -0.5 -0.5 -1.4 -0.2 +0.4 -0.6 -2.1
syst_gamma75+ +0.1 +0.7 +0.1 +0.1 +0.0 +0.0 +0.0 +0.0 +0.0 +0.0
syst_gamma75- -0.1 -0.7 -0.1 -0.1 -0.0 -0.0 -0.0 -0.0 -0.0 -0.0
syst_gamma83+ +2.0 +1.0 +1.0 +1.0 +1.0 +1.0 +1.0 +1.0 +1.0 +1.0
syst_gamma83- -2.0 -1.0 -1.0 -1.0 -1.0 -1.0 -1.0 -1.0 -1.0 -1.0
syst_u_1+ +1.0 +1.0 +1.0 +1.0 +1.0 +1.0 +1.0 +1.0 +1.0 +1.0
syst_u_1- -1.0 -1.0 -1.0 -1.0 -1.0 -1.0 -1.0 -1.0 -1.0 -1.0
syst_u_2+ +0.5 +0.5 +0.5 +0.5 +0.5 +0.5 +0.5 +0.5 +0.5 +0.5
syst_u_2- -0.5 -0.5 -0.5 -0.5 -0.5 -0.5 -0.5 -0.5 -0.5 -0.5
;mean xmin xmax cross staterr   +syst    -syst 
25.0 20 30 1.144e+03 1.6 25.61 24.16
37.5 30 45 1.599e+02 2.7 19.18 17.98
52.5 45 60 2.690e+01 2.4 15.77 13.62
70.0 60 80 5.937e+00 1.1 14.38 12.35
95.0 80 110 1.159e+00 1.6 12.77 11.17
135.0 110 160 1.508e-01 3.1 14.72 12.77
185.0 160 210 1.714e-02 9.1 17.28 18.15
235.0 210 260 2.282e-03 22. 27.22 26.80
285.0 260 310 6.512e-04 42. 46.15 45.89
355.0 310 400 5.245e-05 124 126.31 126.00
