; Data taken from arxiv1410.8857 
; systematics

syst_gamma5+ +15. +4.2 +2.1 -1.6 -0.9 -0.2
syst_gamma5- -10. -4.0 -1.6 +1.5 +0.8 +0.1
syst_gamma11+ +7.4 +15 +13 +12 +11 +1.9
syst_gamma11- -9.4 -13 -12 -13 -16 -28.
syst_gamma17+ +13 +8.0 +10. +8.6 +5.9 +0.11
syst_gamma17- -10 -7.9 -9.8 -10. -12. -14.
syst_gamma23+ +11. +6.2 +6.3 +7.2 +6.4 +0.60
syst_gamma23- -8.3 -5.8 -5.2 -7.4 -12. -15.
syst_gamma29+ +5.0 +2.4 +3.2 +3.9 +1.3 -1.2
syst_gamma29- -4.4 -2.4 -2.4 -4.4 -3.1 -4.7
syst_gamma88+ +43 +51 +41 +27 +18 +29
syst_gamma88- -33 -34 -27 -23 -23 -41
syst_gamma36+ +2.6 +3.5 +5.2 +5.9 +5.1 +1.3
syst_gamma36- -2.5 -3.3 -4.6 -6.4 -10. -6.9
syst_gamma42+ +5.2 +3.9 +3.2 +2.8 +1.7 -1.0
syst_gamma42- -4.6 -3.7 -2.3 -2.2 -3.7 -5.1
syst_gamma48+ +5.3 +6.4 +8.1 +8.8 +7.9 +0.25
syst_gamma48- -5.1 -5.6 -7.3 -10. -15. -29.
syst_gamma54+ -0.0 +0.1 +0.2 +1.8 +2.7 -0.5
syst_gamma54- +0.0 +0.0 -0.2 -1.1 -4.4 -5.6
syst_gamma60+ +0.0 +0.0 +0.0 +0.1 +0.1 -0.0
syst_gamma60- -0.0 +0.0 -0.0 -0.1 +0.0 +0.0
syst_gamma66+ +3.2 +4.2 +4.1 +1.0 -1.1 -0.5
syst_gamma66- -3.2 -4.0 -3.1 -0.2 +0.9 +0.3
syst_gamma72+ -0.0 -0.1 +1.0 +4.7 +8.2 +1.7
syst_gamma72- +0.0 +0.1 -0.8 -5.4 -14. -28.
syst_gamma89+ +4.9 +5.9 +6.6 +5.8 +4.3 -2.0
syst_gamma89- -4.9 -5.5 -6.1 -6.6 -6.8 -3.8
syst_gamma80+ +19. +5.8 +4.0 +8.3 +2.6 +30.
syst_gamma80- -19. -5.8 -4.0 -8.3 -2.6 -30.
syst_gamma82+ +0.1 +0.3 -0.7 -0.9 +1.8 -0.2
syst_gamma82- -0.1 -0.3 +0.7 +0.9 -1.8 +0.2
syst_gamma74+ -0.1 -0.5 +2.2 +4.4 -2.5 +26.5
syst_gamma74- +0.1 +0.5 -2.2 -4.4 +2.5 -26.5
syst_gamma75+ +0.4 +0.5 +0.0 +0.0 +0.0 +0.0
syst_gamma75- -0.4 -0.5 -0.0 -0.0 -0.0 -0.0
syst_gamma85+ +2.0 +1.0 +1.0 +1.0 +1.0 +1.0
syst_gamma85- -2.0 -1.0 -1.0 -1.0 -1.0 -1.0
syst_u_1+ +2.0 +2.0 +1.0 +1.0 +1.0 +1.0
syst_u_1- -2.0 -2.0 -1.0 -1.0 -1.0 -1.0
syst_u_2+ +0.5 +0.5 +0.5 +0.5 +0.5 +0.5
syst_u_2- -0.5 -0.5 -0.5 -0.5 -0.5 -0.5
;mean xmin xmax cross staterr   +syst    -syst 
25.0 20 30 3.133e+02 2.3 53.99 43.91
37.5 30 45 2.821e+01 2.3 55.83 39.87
52.5 45 60 2.254e+00 2.3 46.88 34.07
70.0 60 80 1.774e-01 3.9 36.10 34.65
95.0 80 110 4.533e-03 15. 30.86 43.91
135.0 110 160 1.507e-04 69. 84.98 104.97
