; Data taken from arxiv1410.8857 
; systematics

syst_gamma3+ +14 +8.4 +1.6 -1.2 -0.4 -0.0 -0.0 -0.0 -0.0 -0.1
syst_gamma3- -11 -7.5 -1.5 +1.2 +0.4 +0.0 +0.0 +0.0 +0.0 +0.1
syst_gamma9+ +10. +11. +9.0 +7.2 +6.8 +6.9 +5.0 +5.0 +8.5 +7.4
syst_gamma9- -9.8 -9.9 -8.7 -6.3 -6.4 -6.8 -4.5 -4.6 -7.2 -7.9
syst_gamma15+ +17 +10. +7.3 +4.1 +3.4 +3.6 +3.7 +4.7 +5.4 +6.1
syst_gamma15- -13 -9.2 -7.2 -3.5 -3.1 -3.8 -3.8 -4.1 -4.6 -6.3
syst_gamma21+ +14 +4.9 +3.4 +1.6 +1.1 +1.4 +1.3 +0.6 +1.3 +1.2
syst_gamma21- -10 -4.6 -3.1 -1.4 -1.1 -1.5 -1.3 -0.5 -1.0 -1.6
syst_gamma27+ +5.2 +3.2 +1.8 +3.7 +2.4 +0.6 +2.4 +3.8 +6.0 +5.3
syst_gamma27- -4.7 -2.7 -1.8 -3.4 -2.4 -0.8 -2.3 -3.5 -5.2 -5.6
syst_gamma88+ +14 +15 +8.2 +5.2 +4.2 +4.6 +6.1 +7.1 +8.7 +8.9
syst_gamma88- -14 -13 -7.8 -4.4 -3.8 -4.9 -5.8 -6.0 -7.8 -9.1
syst_gamma34+ +2.3 +3.3 +3.3 +3.4 +3.1 +3.2 +3.2 +3.0 +3.3 +2.4
syst_gamma34- -2.4 -2.9 -3.1 -3.0 -3.1 -3.4 -3.1 -2.5 -2.7 -2.8
syst_gamma40+ +4.8 +3.8 +2.0 +1.4 +1.2 +1.0 +0.9 +0.7 +1.1 +0.6
syst_gamma40- -4.3 -3.5 -1.9 -1.2 -1.2 -1.1 -0.9 -0.6 -0.7 -0.5
syst_gamma46+ +4.9 +5.3 +5.1 +5.2 +5.8 +6.9 +9.1 +10. +14 +15
syst_gamma46- -4.8 -5.1 -5.0 -4.6 -5.5 -6.9 -8.6 -9.0 -12 -15
syst_gamma52+ -0.0 +0.0 +0.1 +0.5 +1.3 +2.5 +3.9 +5.3 +7.8 +8.8
syst_gamma52- +0.0 +0.0 -0.2 -0.5 -1.3 -2.4 -4.0 -4.7 -7.0 -8.9
syst_gamma58+ +0.0 +0.0 +0.0 +0.0 +0.0 +0.1 +0.1 +0.2 +0.3 +0.3
syst_gamma58- -0.0 -0.0 -0.0 -0.0 -0.1 -0.1 -0.1 -0.2 -0.3 -0.1
syst_gamma64+ +3.0 +4.0 +2.8 +0.7 -0.4 -0.1 -0.0 -0.0 -0.0 -0.0
syst_gamma64- -3.1 -3.8 -2.6 -0.6 +0.4 +0.1 +0.0 +0.0 +0.0 +0.0
syst_gamma70+ -0.0 -0.1 +0.3 +2.1 +4.8 +7.0 +10. +13 +17 +21
syst_gamma70- +0.0 +0.1 -0.4 -2.0 -4.5 -7.1 -9.9 -11 -15 -19
syst_gamma89+ +5.7 +6.6 +5.8 +5.0 +4.2 +3.6 +4.8 +5.3 +7.0 +7.1
syst_gamma89- -5.7 -6.3 -5.6 -4.4 -3.7 -3.9 -4.6 -4.6 -6.3 -7.4
syst_gamma78+ +13. +6.8 +1.6 +2.5 +2.2 +1.6 +2.0 +3.1 +0.8 +5.7
syst_gamma78- -13. -6.8 -1.6 -2.5 -2.2 -1.6 -2.0 -3.1 -0.8 -5.7
syst_gamma82+ -0.4 -0.2 -0.3 -0.3 -0.1 -0.0 -0.2 -0.4 -0.4 -1.0
syst_gamma82- +0.4 +0.2 +0.3 +0.3 +0.1 +0.0 +0.2 +0.4 +0.4 +1.0
syst_gamma74+ -0.1 +0.1 +0.3 +0.3 +0.3 +0.5 +1.0 +1.1 +1.0 +0.9
syst_gamma74- +0.1 -0.1 -0.3 -0.3 -0.3 -0.5 -1.0 -1.1 -1.0 -0.9
syst_gamma75+ +0.4 +0.2 +0.1 +0.0 +0.0 +0.0 +0.0 +0.0 +0.0 +0.0
syst_gamma75- -0.4 -0.2 -0.1 -0.0 -0.0 -0.0 -0.0 -0.0 -0.0 -0.0
syst_gamma83+ +2.0 +1.0 +1.0 +1.0 +1.0 +1.0 +1.0 +1.0 +1.0 +1.0
syst_gamma83- -2.0 -1.0 -1.0 -1.0 -1.0 -1.0 -1.0 -1.0 -1.0 -1.0
syst_u_1+ +1.0 +1.0 +1.0 +1.0 +1.0 +1.0 +1.0 +1.0 +1.0 +1.0
syst_u_1- -1.0 -1.0 -1.0 -1.0 -1.0 -1.0 -1.0 -1.0 -1.0 -1.0
syst_u_2+ +0.5 +0.5 +0.5 +0.5 +0.5 +0.5 +0.5 +0.5 +0.5 +0.5
syst_u_2- -0.5 -0.5 -0.5 -0.5 -0.5 -0.5 -0.5 -0.5 -0.5 -0.5
;mean xmin xmax cross staterr   +syst    -syst 
25.0 20 30 1.775e+03 1.0 35.69 31.13
37.5 30 45 2.067e+02 1.8 26.75 24.27
52.5 45 60 2.838e+01 1.7 17.59 16.97
70.0 60 80 5.732e+00 0.8 13.91 12.29
95.0 80 110 9.314e-01 1.2 13.36 12.56
135.0 110 160 1.041e-01 2.6 14.93 15.20
185.0 160 210 1.057e-02 7.7 19.55 19.01
235.0 210 260 1.331e-03 21. 30.02 28.15
285.0 260 310 8.750e-05 79. 84.06 82.90
355.0 310 400 2.248e-05 125 129.08 128.87
