;hadronisation corrections 
;  mean  xmin  xmax  npc  npc_up npc_down 
   25.0   20.0   30.0 1.53 1.78 1.28
   37.5   30.0   45.0 1.26 1.15 1.38
   52.5   45.0   60.0 1.15 1.21 1.09
   70.0   60.0   80.0 1.10 1.14 1.06
   90.0   80.0  110.0 1.07 1.10 1.04
  145.0  110.0  160.0 1.04 1.06 1.02
  185.0  160.0  210.0 1.03 1.05 1.01
  235.0  210.0  260.0 1.03 1.05 1.01
  285.0  260.0  310.0 1.02 1.03 1.01
  355.0  310.0  400.0 1.02 1.03 1.01
  450.0  400.0  500.0 1.02 1.03 1.01
  550.0  500.0  600.0 1.01 1.02 1.00
  700.0  600.0  800.0 1.01 1.02 1.00
  900.0  800.0 1000.0 1.01 1.02 1.00
 1100.0 1000.0 1200.0 1.01 1.02 1.00

