; Data taken from arxiv1410.8857 
; systematics
syst_statmc+  +0.73 +0.56 +0.42 +0.40 +0.41 +0.45 +0.42 +0.43 +0.43 +0.44 +0.52 +0.59 +0.50 +0.51 +0.42 +0.32 +0.33 +0.30 +0.26 +0.28 +0.32 +0.34 +0.37 +0.40 +0.35 +0.53
syst_statmc-  -0.73 -0.56 -0.42 -0.40 -0.41 -0.45 -0.42 -0.43 -0.43 -0.44 -0.52 -0.59 -0.50 -0.51 -0.42 -0.32 -0.33 -0.30 -0.26 -0.28 -0.32 -0.34 -0.37 -0.40 -0.35 -0.53
syst_sys1+ 3.3 3.1 3.1 3.2 3.5 3.7 3.8 4.0 4.0 4.1 4.2 4.2 4.1 3.9 4.0 4.5 5.0 5.3 5.8 6.2 6.9 7.3 7.7 8.1 8.8 11
syst_sys1- -2.9 -2.9 -3.0 -3.2 -3.4 -3.6 -3.8 -3.9 -3.9 -3.7 -3.7 -3.6 -3.7 -4.1 -4.1 -4.5 -4.9 -5.2 -5.4 -5.9 -6.3 -6.8 -7.4 -7.8 -8.2 -9.8
syst_sys2+ 0.5 0.4 0.3 0.3 0.3 0.3 0.2 0.2 0.2 0.1 0.1 0.1 0.1 0.1 0.1 0.1 0.1 0.1 0.1 0.0 0.0 0.0 0.0 0.0 0.0 0.1
syst_sys2- -0.4 -0.4 -0.4 -0.3 -0.3 -0.3 -0.2 -0.2 -0.2 -0.1 -0.1 -0.1 -0.1 -0.1 -0.1 -0.1 -0.1 -0.0 -0.0 -0.0 -0.0 -0.0 -0.0 -0.0 -0.0 -0.0
syst_sys3+ 0.2 0.1 0.1 0.1 0.1 0.1 0.1 0.0 0.0 0.0 0.0 0.0 0.0 0.0 0.0 0.0 0.0 0.0 0.0 0.0 0.0 0.0 0.0 0.0 0.0 0.0
syst_sys3- -0.2 -0.1 -0.1 -0.1 -0.1 -0.1 -0.1 -0.1 -0.1 -0.0 -0.0 -0.0 -0.0 -0.0 -0.0 -0.0 -0.0 -0.0 -0.0 -0.0 -0.0 -0.0 -0.0 -0.0 -0.0 -0.0
syst_sys4+ 0.3 0.2 0.2 0.2 0.2 0.1 0.1 0.1 0.1 0.1 0.1 0.1 0.1 0.1 0.0 0.0 0.0 0.0 0.0 0.1 0.1 0.1 0.1 0.1 0.1 0.1
syst_sys4- -0.3 -0.2 -0.2 -0.2 -0.2 -0.1 -0.1 -0.1 -0.1 -0.1 -0.1 -0.1 -0.1 -0.0 -0.0 -0.0 -0.0 -0.0 -0.0 -0.0 -0.0 -0.1 -0.1 -0.1 -0.1 -0.1
syst_sys5+ 1.4 1.1 1.1 1.1 1.2 1.1 1.0 0.9 0.7 0.6 0.5 0.4 0.4 0.3 0.3 0.2 0.2 0.3 0.3 0.3 0.4 0.4 0.4 0.5 0.5 0.9
syst_sys5- -1.2 -1.2 -1.2 -1.1 -1.1 -1.1 -1.0 -0.9 -0.7 -0.6 -0.5 -0.4 -0.4 -0.3 -0.3 -0.3 -0.3 -0.3 -0.3 -0.3 -0.4 -0.4 -0.5 -0.5 -0.6 -0.6
syst_sys6+ 1.1 0.9 0.8 0.8 0.8 0.7 0.7 0.6 0.6 0.5 0.4 0.4 0.3 0.3 0.2 0.2 0.2 0.2 0.2 0.2 0.2 0.2 0.2 0.3 0.3 0.5
syst_sys6- -1.0 -0.9 -0.9 -0.8 -0.7 -0.7 -0.7 -0.6 -0.6 -0.5 -0.4 -0.4 -0.3 -0.3 -0.3 -0.2 -0.2 -0.2 -0.2 -0.2 -0.2 -0.2 -0.3 -0.3 -0.3 -0.3
syst_sys7+ 0.2 0.1 0.0 0.0 0.0 0.0 0.0 0.0 0.0 0.0 0.0 0.0 0.0 0.0 0.0 0.0 0.0 0.0 0.0 0.0 0.0 0.0 0.0 0.0 0.0 0.0
syst_sys7- -0.1 -0.1 -0.1 -0.0 -0.0 -0.0 -0.0 -0.0 -0.0 -0.0 -0.0 -0.0 -0.0 -0.0 -0.0 -0.0 -0.0 -0.0 -0.0 -0.0 -0.0 -0.0 -0.0 -0.0 -0.0 -0.0
syst_sys8+ 0.6 0.5 0.4 0.4 0.4 0.4 0.3 0.3 0.3 0.3 0.3 0.3 0.3 0.3 0.3 0.3 0.3 0.4 0.4 0.5 0.5 0.5 0.6 0.6 0.7 1.0
syst_sys8- -0.5 -0.5 -0.5 -0.5 -0.4 -0.4 -0.3 -0.3 -0.3 -0.3 -0.3 -0.3 -0.3 -0.3 -0.3 -0.4 -0.4 -0.4 -0.4 -0.4 -0.5 -0.5 -0.6 -0.7 -0.8 -0.9
syst_sys9+ 0.1 0.1 0.1 0.1 0.1 0.1 0.1 0.1 0.1 0.1 0.1 0.1 0.1 0.1 0.1 0.1 0.1 0.1 0.2 0.2 0.2 0.2 0.2 0.2 0.2 0.5
syst_sys9- -0.1 -0.1 -0.1 -0.1 -0.1 -0.1 -0.1 -0.1 -0.1 -0.1 -0.1 -0.1 -0.1 -0.1 -0.1 -0.1 -0.1 -0.1 -0.2 -0.2 -0.2 -0.2 -0.2 -0.2 -0.3 -0.3
syst_sys10+ 0.9 0.9 1.0 1.1 1.3 1.2 1.2 1.1 0.9 0.8 0.6 0.5 0.4 0.4 0.3 0.3 0.3 0.3 0.3 0.3 0.3 0.3 0.3 0.3 0.4 0.6
syst_sys10- -0.8 -0.9 -1.1 -1.1 -1.2 -1.2 -1.2 -1.1 -0.9 -0.8 -0.7 -0.5 -0.4 -0.4 -0.3 -0.3 -0.3 -0.3 -0.3 -0.3 -0.3 -0.3 -0.3 -0.4 -0.4 -0.4
syst_sys11+ 0.4 0.3 0.3 0.3 0.3 0.3 0.2 0.2 0.2 0.2 0.3 0.3 0.3 0.3 0.3 0.3 0.3 0.3 0.4 0.4 0.4 0.4 0.5 0.5 0.5 0.8
syst_sys11- -0.3 -0.3 -0.3 -0.3 -0.3 -0.3 -0.2 -0.2 -0.2 -0.3 -0.3 -0.3 -0.3 -0.3 -0.3 -0.3 -0.3 -0.3 -0.3 -0.4 -0.4 -0.4 -0.5 -0.5 -0.6 -0.6
syst_sys12+ 0.9 0.8 0.7 0.8 0.8 0.8 0.8 0.8 0.8 0.8 0.8 0.8 0.9 0.9 0.9 0.9 0.9 0.9 0.9 0.9 0.9 0.9 1.0 1.0 1.1 1.5
syst_sys12- -0.7 -0.8 -0.8 -0.8 -0.8 -0.8 -0.8 -0.8 -0.8 -0.8 -0.8 -0.8 -0.8 -0.9 -0.9 -0.9 -0.9 -0.9 -0.9 -0.9 -0.9 -0.9 -1.0 -1.0 -1.1 -1.3
syst_sys13+ 0.6 0.5 0.4 0.4 0.5 0.5 0.5 0.6 0.6 0.7 0.8 0.8 0.9 0.9 1.0 1.0 1.1 1.2 1.4 1.5 1.7 1.8 2.0 2.1 2.2 3.4
syst_sys13- -0.5 -0.5 -0.5 -0.5 -0.5 -0.5 -0.6 -0.6 -0.7 -0.7 -0.8 -0.8 -0.9 -0.9 -1.0 -1.1 -1.1 -1.2 -1.3 -1.5 -1.6 -1.8 -1.9 -2.1 -2.3 -3.0
syst_sys14+ 0.0 0.0 0.0 0.0 0.0 0.0 0.1 0.1 0.1 0.1 0.1 0.1 0.1 0.1 0.1 0.1 0.1 0.1 0.1 0.1 0.2 0.2 0.2 0.2 0.3 0.5
syst_sys14- -0.0 -0.0 -0.0 -0.0 -0.0 -0.0 -0.1 -0.1 -0.1 -0.1 -0.1 -0.1 -0.1 -0.1 -0.1 -0.1 -0.1 -0.1 -0.1 -0.1 -0.2 -0.2 -0.2 -0.3 -0.3 -0.4
syst_sys15+ -0.0 -0.0 0.0 0.0 0.0 0.0 0.0 0.0 0.0 0.0 0.1 0.1 0.1 0.1 0.1 0.1 0.1 0.2 0.3 0.4 0.5 0.6 0.7 0.8 0.9 1.6
syst_sys15- 0.0 0.0 -0.0 -0.0 -0.0 -0.0 -0.0 -0.0 -0.0 -0.1 -0.1 -0.1 -0.1 -0.1 -0.1 -0.1 -0.1 -0.2 -0.2 -0.3 -0.5 -0.6 -0.7 -0.8 -1.0 -1.4
syst_sys16+ 0.0 0.0 -0.0 0.0 0.0 0.0 0.1 0.1 0.2 0.2 0.2 0.3 0.3 0.3 0.4 0.4 0.6 0.8 1.0 1.3 1.6 1.8 2.1 2.3 2.5 4.0
syst_sys16- -0.0 -0.0 0.0 -0.0 -0.0 -0.0 -0.1 -0.1 -0.2 -0.2 -0.2 -0.3 -0.3 -0.4 -0.4 -0.5 -0.6 -0.8 -1.0 -1.3 -1.5 -1.8 -2.0 -2.3 -2.6 -3.7
syst_sys17+ 0.0 0.0 0.0 0.1 0.1 0.2 0.2 0.3 0.3 0.3 0.4 0.4 0.5 0.6 0.7 0.8 1.0 1.3 1.6 1.9 2.2 2.6 2.9 3.2 3.5 5.7
syst_sys17- -0.0 -0.0 -0.0 -0.1 -0.1 -0.2 -0.2 -0.3 -0.3 -0.4 -0.4 -0.4 -0.5 -0.6 -0.7 -0.9 -1.1 -1.3 -1.5 -1.8 -2.2 -2.5 -2.9 -3.2 -3.5 -5.1
syst_sys18+ -0.0 0.0 0.0 0.1 0.1 0.2 0.2 0.2 0.3 0.3 0.3 0.3 0.3 0.2 0.2 0.3 0.4 0.6 0.9 1.2 1.6 2.0 2.3 2.6 2.9 4.9
syst_sys18- 0.0 -0.0 -0.0 -0.1 -0.1 -0.2 -0.2 -0.3 -0.3 -0.3 -0.3 -0.2 -0.2 -0.2 -0.2 -0.3 -0.4 -0.6 -0.8 -1.2 -1.5 -1.9 -2.3 -2.6 -3.0 -4.5
syst_sys19+ -0.0 -0.0 0.0 0.0 0.1 0.1 0.2 0.2 0.3 0.3 0.4 0.4 0.4 0.4 0.4 0.5 0.6 0.8 1.0 1.3 1.7 2.0 2.4 2.6 3.0 4.9
syst_sys19- 0.0 0.0 -0.0 -0.0 -0.1 -0.1 -0.2 -0.3 -0.3 -0.4 -0.4 -0.4 -0.4 -0.5 -0.5 -0.5 -0.6 -0.8 -1.0 -1.3 -1.6 -2.0 -2.3 -2.6 -3.0 -4.5
syst_sys20+ -0.0 -0.0 -0.0 0.0 0.0 0.1 0.2 0.3 0.4 0.5 0.5 0.5 0.5 0.6 0.6 0.7 0.9 1.2 1.6 2.2 2.8 3.3 3.8 4.3 4.8 7.7
syst_sys20- 0.0 0.0 0.0 -0.0 -0.1 -0.1 -0.2 -0.3 -0.4 -0.5 -0.5 -0.5 -0.6 -0.6 -0.6 -0.7 -0.9 -1.2 -1.6 -2.1 -2.7 -3.3 -3.8 -4.3 -4.8 -6.8
syst_sys21+ -0.0 -0.0 -0.0 0.0 0.0 0.1 0.1 0.1 0.1 0.1 0.2 0.2 0.2 0.2 0.2 0.2 0.3 0.5 0.7 1.0 1.3 1.7 2.0 2.3 2.6 4.5
syst_sys21- 0.0 0.0 0.0 -0.0 -0.0 -0.0 -0.1 -0.1 -0.1 -0.2 -0.2 -0.2 -0.2 -0.2 -0.2 -0.3 -0.4 -0.5 -0.7 -1.0 -1.3 -1.6 -2.0 -2.3 -2.6 -4.1
syst_sys22+ 0.1 0.1 0.0 0.0 0.0 0.0 0.0 0.0 0.0 0.0 0.0 0.0 0.0 0.0 0.0 0.0 0.0 0.0 0.0 0.0 0.0 0.0 0.0 0.0 0.0 0.0
syst_sys22- -0.1 -0.1 -0.0 -0.0 -0.0 -0.0 -0.0 -0.0 -0.0 -0.0 -0.0 -0.0 -0.0 -0.0 -0.0 -0.0 -0.0 -0.0 -0.0 -0.0 -0.0 -0.0 -0.0 -0.0 -0.0 -0.0
syst_sys23+ 0.1 0.0 0.0 0.0 0.0 0.0 0.0 0.0 0.0 0.0 0.0 0.0 0.0 0.0 0.0 0.0 0.0 0.0 0.0 0.0 0.0 0.0 0.0 0.0 0.0 0.0
syst_sys23- -0.0 -0.0 -0.0 -0.0 -0.0 -0.0 -0.0 -0.0 -0.0 -0.0 -0.0 -0.0 -0.0 -0.0 -0.0 -0.0 -0.0 -0.0 -0.0 -0.0 -0.0 -0.0 -0.0 -0.0 -0.0 -0.0
syst_sys24+ 0.0 0.0 0.0 0.0 0.0 0.0 0.0 0.0 0.0 0.0 0.0 0.0 0.0 0.0 0.0 0.0 0.0 0.0 0.0 0.0 0.1 0.1 0.1 0.1 0.1 0.3
syst_sys24- -0.0 -0.0 -0.0 -0.0 -0.0 -0.0 -0.0 -0.0 -0.0 -0.0 -0.0 -0.0 -0.0 -0.0 -0.0 -0.0 -0.0 -0.0 -0.0 -0.1 -0.1 -0.1 -0.1 -0.1 -0.2 -0.2
syst_sys25+ 0.1 0.1 0.0 0.0 0.0 0.0 0.0 0.0 0.0 0.0 0.0 0.0 0.0 0.0 0.0 0.0 0.0 0.0 0.0 0.0 0.0 0.0 0.0 0.0 0.0 0.1
syst_sys25- -0.1 -0.0 -0.0 -0.0 -0.0 -0.0 -0.0 -0.0 -0.0 -0.0 -0.0 -0.0 -0.0 -0.0 -0.0 -0.0 -0.0 -0.0 -0.0 -0.0 -0.0 -0.0 -0.0 -0.0 -0.0 -0.1
syst_sys26+ 0.1 0.1 0.0 0.0 0.0 0.0 0.0 0.0 0.0 0.0 0.0 0.0 0.0 0.0 0.0 0.0 0.0 0.0 0.0 0.0 0.0 0.0 0.0 0.0 0.0 0.0
syst_sys26- -0.1 -0.1 -0.0 -0.0 -0.0 -0.0 -0.0 -0.0 -0.0 -0.0 -0.0 -0.0 -0.0 -0.0 -0.0 -0.0 -0.0 -0.0 -0.0 -0.0 -0.0 -0.0 -0.0 -0.0 -0.0 -0.0
syst_sys27+ 0.3 0.2 0.1 0.1 0.0 0.0 0.0 0.0 0.0 0.0 0.0 0.0 0.0 0.0 0.0 0.0 0.0 0.0 0.0 0.0 0.0 0.0 0.0 0.0 0.0 0.0
syst_sys27- -0.2 -0.1 -0.1 -0.1 -0.1 -0.0 -0.0 -0.0 -0.0 -0.0 -0.0 -0.0 -0.0 -0.0 -0.0 -0.0 -0.0 -0.0 -0.0 -0.0 -0.0 -0.0 -0.0 -0.0 -0.0 -0.0
syst_sys28+ 0.5 0.3 0.2 0.1 0.1 0.1 0.0 0.0 0.0 0.0 0.0 0.0 0.0 0.0 0.0 0.0 0.0 0.0 0.0 0.0 0.0 0.0 0.0 0.0 0.0 0.0
syst_sys28- -0.4 -0.3 -0.2 -0.1 -0.1 -0.1 -0.0 -0.0 -0.0 -0.0 -0.0 -0.0 -0.0 -0.0 -0.0 -0.0 -0.0 -0.0 -0.0 -0.0 -0.0 -0.0 -0.0 -0.0 -0.0 -0.0
syst_sys29+ 0.6 0.5 0.4 0.3 0.2 0.2 0.1 0.1 0.1 0.1 0.1 0.1 0.1 0.1 0.0 0.0 0.0 0.0 0.0 0.0 0.0 0.0 0.0 0.0 0.0 0.1
syst_sys29- -0.5 -0.5 -0.4 -0.3 -0.2 -0.2 -0.1 -0.1 -0.1 -0.1 -0.1 -0.1 -0.1 -0.0 -0.0 -0.0 -0.0 -0.0 -0.0 -0.0 -0.0 -0.0 -0.0 -0.0 -0.1 -0.1
syst_sys30+ 0.4 0.4 0.5 0.4 0.4 0.3 0.2 0.2 0.2 0.1 0.1 0.1 0.1 0.1 0.1 0.1 0.1 0.1 0.1 0.1 0.1 0.1 0.1 0.1 0.1 0.2
syst_sys30- -0.3 -0.4 -0.5 -0.5 -0.4 -0.3 -0.2 -0.2 -0.2 -0.2 -0.1 -0.1 -0.1 -0.1 -0.1 -0.1 -0.1 -0.1 -0.1 -0.1 -0.1 -0.1 -0.1 -0.1 -0.1 -0.1
syst_sys31+ 0.0 0.1 0.2 0.4 0.5 0.4 0.4 0.3 0.2 0.1 0.1 0.1 0.1 0.1 0.1 0.0 0.0 0.0 0.0 0.0 0.0 0.0 0.0 0.0 0.0 0.0
syst_sys31- -0.0 -0.1 -0.3 -0.4 -0.4 -0.4 -0.4 -0.3 -0.2 -0.2 -0.1 -0.1 -0.1 -0.1 -0.1 -0.0 -0.0 -0.0 -0.0 -0.0 -0.0 -0.0 -0.0 -0.0 -0.0 -0.0
syst_sys32+ -0.0 -0.0 -0.0 0.0 0.1 0.2 0.3 0.3 0.3 0.3 0.3 0.3 0.2 0.2 0.2 0.1 0.1 0.1 0.1 0.1 0.1 0.1 0.1 0.1 0.1 0.3
syst_sys32- 0.0 0.1 0.0 -0.0 -0.1 -0.2 -0.3 -0.3 -0.3 -0.3 -0.3 -0.2 -0.2 -0.2 -0.1 -0.1 -0.1 -0.1 -0.1 -0.1 -0.1 -0.1 -0.1 -0.2 -0.2 -0.2
syst_sys33+ 0.0 0.0 0.0 0.0 0.0 0.0 0.0 0.0 0.0 0.0 0.0 0.0 0.0 0.0 0.0 0.0 0.0 0.0 0.0 0.0 0.0 0.0 0.1 0.1 0.1 0.2
syst_sys33- -0.0 -0.0 -0.0 -0.0 -0.0 -0.0 -0.0 -0.0 -0.0 -0.0 -0.0 -0.0 -0.0 -0.0 -0.0 -0.0 -0.0 -0.0 -0.0 -0.0 -0.0 -0.0 -0.1 -0.1 -0.1 -0.1
syst_sys34+ 0.0 0.0 0.0 0.0 0.0 0.0 0.0 0.0 0.0 0.0 0.0 0.0 0.0 0.0 0.0 0.0 0.0 0.0 0.0 0.0 0.0 0.0 0.0 0.0 0.0 0.0
syst_sys34- -0.0 -0.0 -0.0 -0.0 -0.0 -0.0 -0.0 -0.0 -0.0 -0.0 -0.0 -0.0 -0.0 -0.0 -0.0 -0.0 -0.0 -0.0 -0.0 -0.0 -0.0 -0.0 -0.0 -0.0 -0.0 -0.0
syst_sys35+ 0.1 0.1 0.0 0.0 0.0 0.0 0.0 0.0 0.0 0.0 0.0 0.0 0.0 0.0 0.0 0.0 0.0 0.0 0.0 0.0 0.0 0.0 0.0 0.0 0.0 0.0
syst_sys35- -0.1 -0.0 -0.0 -0.0 -0.0 -0.0 -0.0 -0.0 -0.0 -0.0 -0.0 -0.0 -0.0 -0.0 -0.0 -0.0 -0.0 -0.0 -0.0 -0.0 -0.0 -0.0 -0.0 -0.0 -0.0 -0.0
syst_sys36+ 0.1 0.1 0.0 0.0 0.0 0.0 0.0 0.0 0.0 0.0 0.0 0.0 0.0 0.0 0.0 0.0 0.0 0.0 0.0 0.0 0.0 0.0 0.0 0.0 0.0 0.0
syst_sys36- -0.0 -0.0 -0.0 -0.0 -0.0 -0.0 -0.0 -0.0 -0.0 -0.0 -0.0 -0.0 -0.0 -0.0 -0.0 -0.0 -0.0 -0.0 -0.0 -0.0 -0.0 -0.0 -0.0 -0.0 -0.0 -0.0
syst_sys37+ 0.1 0.1 0.1 0.1 0.1 0.1 0.1 0.0 0.0 0.0 0.0 0.0 0.0 0.0 0.0 0.0 0.0 0.0 0.0 0.0 0.0 0.0 0.0 0.0 0.0 0.1
syst_sys37- -0.1 -0.1 -0.1 -0.1 -0.1 -0.1 -0.1 -0.0 -0.0 -0.0 -0.0 -0.0 -0.0 -0.0 -0.0 -0.0 -0.0 -0.0 -0.0 -0.0 -0.0 -0.0 -0.0 -0.0 -0.0 -0.1
syst_sys38+ 0.0 0.0 0.0 0.1 0.1 0.1 0.1 0.1 0.1 0.0 0.0 0.0 0.0 0.0 0.0 0.0 0.0 0.0 0.0 0.0 0.0 0.0 0.0 0.0 0.0 0.1
syst_sys38- -0.0 -0.0 -0.0 -0.1 -0.1 -0.1 -0.1 -0.1 -0.1 -0.1 -0.0 -0.0 -0.0 -0.0 -0.0 -0.0 -0.0 -0.0 -0.0 -0.0 -0.0 -0.0 -0.0 -0.0 -0.0 -0.1
syst_sys39+ -0.0 -0.0 -0.0 0.0 0.1 0.1 0.1 0.1 0.1 0.1 0.1 0.1 0.1 0.1 0.1 0.0 0.0 0.0 0.0 0.0 0.0 0.0 0.0 0.0 0.0 0.1
syst_sys39- 0.0 0.0 0.0 -0.0 -0.0 -0.1 -0.1 -0.1 -0.1 -0.1 -0.1 -0.1 -0.1 -0.1 -0.1 -0.0 -0.0 -0.0 -0.0 -0.0 -0.0 -0.0 -0.0 -0.0 -0.0 -0.0
syst_sys40+ -0.0 -0.0 -0.0 -0.0 0.0 0.0 0.1 0.1 0.2 0.2 0.2 0.2 0.1 0.1 0.1 0.1 0.1 0.1 0.1 0.1 0.1 0.1 0.1 0.0 0.0 0.1
syst_sys40- 0.0 0.0 0.0 0.0 -0.0 -0.0 -0.1 -0.1 -0.2 -0.2 -0.2 -0.2 -0.1 -0.1 -0.1 -0.1 -0.1 -0.1 -0.1 -0.1 -0.1 -0.1 -0.1 -0.1 -0.0 -0.1
syst_sys41+ 0.0 -0.0 -0.0 -0.0 -0.0 -0.0 -0.0 0.0 0.1 0.1 0.2 0.2 0.2 0.2 0.2 0.2 0.2 0.2 0.2 0.2 0.3 0.3 0.3 0.4 0.4 0.7
syst_sys41- -0.0 0.0 0.0 0.0 0.0 0.0 0.0 -0.0 -0.1 -0.2 -0.2 -0.2 -0.2 -0.2 -0.2 -0.2 -0.2 -0.2 -0.2 -0.2 -0.3 -0.3 -0.3 -0.4 -0.5 -0.5
syst_sys42+ 0.0 0.0 0.0 -0.0 -0.0 -0.0 -0.0 -0.0 -0.0 0.0 0.1 0.2 0.3 0.4 0.4 0.4 0.4 0.4 0.5 0.5 0.6 0.6 0.7 0.7 0.8 1.2
syst_sys42- -0.0 -0.0 -0.0 0.0 0.0 0.0 0.0 0.0 0.0 -0.0 -0.1 -0.2 -0.3 -0.4 -0.4 -0.5 -0.4 -0.4 -0.5 -0.5 -0.6 -0.6 -0.7 -0.8 -0.9 -1.0
syst_sys43+ 0.0 0.0 0.0 0.0 0.0 0.0 -0.0 -0.0 -0.0 -0.0 -0.0 0.0 0.1 0.2 0.3 0.4 0.5 0.5 0.5 0.4 0.4 0.4 0.4 0.5 0.5 1.0
syst_sys43- -0.0 -0.0 -0.0 -0.0 -0.0 -0.0 0.0 0.0 0.0 0.0 0.1 -0.0 -0.1 -0.2 -0.4 -0.5 -0.5 -0.5 -0.5 -0.4 -0.4 -0.4 -0.5 -0.5 -0.6 -0.8
syst_sys44+ 0.0 0.0 0.0 0.0 0.0 0.0 0.0 0.0 -0.0 -0.0 -0.0 -0.0 -0.1 -0.0 0.0 0.1 0.3 0.6 0.8 1.0 1.2 1.3 1.4 1.4 1.5 1.9
syst_sys44- -0.0 -0.0 -0.0 -0.0 -0.0 -0.0 -0.0 -0.0 0.0 0.0 0.0 0.0 0.1 0.0 -0.0 -0.1 -0.3 -0.6 -0.8 -1.0 -1.2 -1.3 -1.4 -1.4 -1.5 -1.6
syst_sys45+ 0.0 0.0 0.0 0.0 0.0 0.0 0.0 0.0 0.0 0.0 0.0 0.0 0.0 0.0 0.0 0.0 0.0 0.0 0.0 0.0 0.0 0.0 0.0 0.0 0.0 0.0
syst_sys45- -0.0 -0.0 -0.0 -0.0 -0.0 -0.0 -0.0 -0.1 -0.1 -0.0 -0.0 -0.0 -0.0 -0.0 -0.0 -0.0 -0.0 -0.0 -0.0 -0.0 -0.0 -0.0 -0.0 -0.0 -0.0 0.0
syst_sys46+ -0.0 -0.0 -0.0 -0.0 -0.0 0.0 0.0 0.0 0.0 0.0 0.0 0.0 0.0 0.0 0.0 0.0 0.0 0.0 0.0 0.0 0.0 0.0 0.0 0.0 0.0 0.0
syst_sys46- 0.0 0.0 0.0 0.0 0.0 -0.0 -0.0 -0.0 -0.0 -0.0 -0.0 -0.0 -0.0 -0.0 -0.0 -0.0 -0.0 -0.0 -0.0 -0.0 -0.0 -0.0 -0.0 -0.0 -0.0 -0.0
syst_sys47+ -0.0 -0.0 -0.0 -0.0 -0.0 -0.0 0.0 0.0 0.0 0.0 0.0 0.0 0.1 0.0 0.0 0.0 0.0 0.0 0.0 0.0 0.0 0.0 0.0 0.0 0.0 0.0
syst_sys47- 0.0 0.0 0.0 0.0 0.0 0.0 -0.0 -0.0 -0.0 -0.0 -0.0 -0.0 -0.0 -0.0 -0.0 -0.0 -0.0 -0.0 -0.0 -0.0 -0.0 -0.0 -0.0 -0.0 -0.0 -0.0
syst_sys48+ 0.0 0.0 0.0 0.0 -0.0 -0.0 -0.0 -0.0 -0.0 -0.0 0.0 0.0 0.0 0.1 0.1 0.1 0.0 0.0 0.0 0.0 0.0 0.0 0.0 0.0 0.0 0.0
syst_sys48- -0.0 -0.0 -0.0 -0.0 0.0 0.0 0.0 0.0 0.0 0.0 -0.0 -0.0 -0.0 -0.1 -0.1 -0.1 -0.0 -0.0 -0.0 -0.0 -0.0 -0.0 -0.0 -0.0 -0.0 -0.0
syst_sys49+ 0.0 0.0 0.0 0.0 0.0 0.0 0.0 0.0 0.0 0.0 0.0 0.0 0.0 0.0 0.0 0.0 0.0 0.0 0.0 0.0 0.0 0.0 0.0 0.0 0.0 0.0
syst_sys49- -0.0 -0.0 -0.0 -0.0 -0.0 -0.0 -0.0 -0.0 -0.0 -0.0 -0.0 -0.0 -0.0 -0.0 -0.0 -0.0 -0.0 -0.0 -0.0 -0.0 -0.0 -0.0 -0.0 -0.0 -0.0 -0.0
syst_sys50+ 0.0 0.0 0.0 0.0 0.0 0.0 0.0 0.0 0.0 -0.0 -0.0 -0.0 -0.0 0.0 0.0 0.0 0.0 0.1 0.1 0.1 0.1 0.1 0.1 0.1 0.1 0.2
syst_sys50- -0.0 -0.0 -0.0 -0.0 -0.0 -0.0 -0.0 -0.0 -0.0 0.0 0.0 0.0 0.0 -0.0 -0.0 -0.0 -0.0 -0.1 -0.1 -0.1 -0.1 -0.1 -0.1 -0.1 -0.1 -0.1
syst_sys51+ 0.0 0.0 0.0 0.0 0.0 0.0 0.0 0.0 0.0 0.0 -0.0 -0.0 -0.0 -0.0 -0.0 -0.0 0.0 0.1 0.1 0.2 0.3 0.4 0.5 0.6 0.7 1.1
syst_sys51- -0.0 -0.0 -0.0 -0.0 -0.0 -0.0 -0.0 -0.0 -0.0 -0.0 0.0 0.0 0.0 0.0 0.0 0.0 -0.0 -0.1 -0.1 -0.2 -0.3 -0.4 -0.5 -0.6 -0.8 -1.0
syst_sys52+ 0.0 0.0 0.0 0.0 0.0 0.0 0.0 0.0 0.0 0.0 0.0 0.0 -0.0 -0.0 -0.0 -0.0 -0.0 -0.0 0.0 0.1 0.1 0.2 0.3 0.4 0.6 1.3
syst_sys52- -0.0 -0.0 -0.0 -0.0 -0.0 -0.0 -0.0 -0.0 -0.0 -0.0 -0.0 -0.0 0.0 0.0 0.0 0.0 0.0 0.0 -0.0 -0.1 -0.1 -0.2 -0.4 -0.5 -0.7 -1.1
syst_sys53+ -0.0 -0.0 -0.0 -0.0 -0.0 -0.0 -0.0 -0.0 -0.0 -0.0 -0.0 -0.0 -0.0 -0.0 -0.0 -0.0 -0.0 0.0 0.0 0.0 0.0 0.1 0.1 0.1 0.2 0.5
syst_sys53- 0.0 0.0 0.0 0.0 0.0 0.0 0.0 0.0 0.0 0.0 0.0 0.0 0.0 0.0 0.0 0.0 0.0 -0.0 -0.0 -0.0 -0.1 -0.1 -0.1 -0.1 -0.2 -0.3
syst_sys54+ 0.0 0.0 0.0 0.0 0.0 0.0 0.0 0.0 0.0 0.0 0.0 0.0 0.0 0.0 0.0 0.0 0.0 0.0 0.0 0.0 0.0 0.0 0.0 0.0 0.0 0.0
syst_sys54- 0.0 0.0 0.0 0.0 0.0 0.0 0.0 0.0 0.0 0.0 0.0 0.0 0.0 0.0 0.0 0.0 0.0 0.0 0.0 0.0 0.0 0.0 0.0 0.0 0.0 0.0
syst_sys55+ 0.6 0.5 0.5 0.5 0.5 0.4 0.4 0.3 0.3 0.4 0.4 0.3 0.3 0.4 0.3 0.4 0.4 0.4 0.6 0.6 0.6 0.6 0.9 1.0 1.2 2.2
syst_sys55- -0.5 -0.5 -0.5 -0.5 -0.4 -0.4 -0.4 -0.4 -0.3 -0.3 -0.4 -0.3 -0.3 -0.3 -0.3 -0.3 -0.5 -0.4 -0.5 -0.5 -0.7 -0.7 -0.8 -1.0 -1.3 -1.8
syst_sys56+ 5.0 4.9 5.0 5.2 5.4 5.6 5.6 5.5 5.3 5.2 5.1 5.0 4.8 4.7 4.5 4.4 4.3 4.1 4.1 4.0 4.1 4.1 4.1 4.1 4.1 4.2
syst_sys56- -4.6 -4.5 -4.8 -5.0 -5.2 -5.3 -5.3 -5.2 -5.0 -4.8 -4.6 -4.5 -4.5 -4.5 -4.4 -4.2 -4.1 -3.9 -3.9 -3.8 -3.9 -3.9 -3.9 -4.0 -4.0 -3.6
syst_sys57+ 0.0 0.0 0.0 0.0 0.0 0.0 0.0 0.0 0.0 0.0 0.0 0.0 0.0 0.0 0.0 0.0 0.0 0.0 0.0 0.0 0.0 0.0 0.0 -0.0 -0.4 1.2
syst_sys57- -0.0 -0.0 -0.0 -0.0 -0.0 -0.0 -0.0 -0.0 -0.0 -0.0 -0.0 -0.0 -0.0 -0.0 -0.0 -0.0 -0.0 -0.0 -0.0 -0.0 -0.0 -0.0 -0.0 0.0 0.3 -1.1
syst_sys58+ -2.3 -2.1 -1.9 -1.7 -1.5 -1.4 -1.2 -1.1 -1.0 -1.0 -1.0 -0.9 -0.9 -0.8 -0.7 -0.5 -0.5 -0.5 -0.4 -0.2 0.0 0.2 0.4 0.4 0.4 1.1
syst_sys58- 2.5 2.1 1.8 1.7 1.6 1.4 1.2 1.0 1.0 1.0 1.0 1.0 1.0 0.8 0.6 0.5 0.5 0.5 0.4 0.2 -0.0 -0.3 -0.4 -0.4 -0.4 -0.9
syst_sys59+ -0.6 -0.5 -0.5 -0.5 -0.4 -0.4 -0.4 -0.4 -0.3 -0.4 -0.4 -0.4 -0.4 -0.4 -0.3 -0.2 -0.1 -0.0 -0.0 -0.0 -0.0 -0.0 -0.0 -0.0 -0.0 -0.0
syst_sys59- 0.7 0.5 0.4 0.4 0.4 0.4 0.4 0.3 0.3 0.3 0.4 0.4 0.4 0.4 0.2 0.1 0.0 0.0 0.0 0.0 0.0 0.0 0.0 0.0 0.0 0.0
syst_sys60+ -1.1 -0.9 -0.8 -0.8 -0.7 -0.7 -0.7 -0.6 -0.6 -0.6 -0.6 -0.6 -0.6 -0.6 -0.4 -0.2 0.0 0.1 0.1 0.1 0.1 0.1 0.1 0.1 0.1 0.1
syst_sys60- 1.6 1.1 0.9 0.8 0.8 0.7 0.7 0.6 0.6 0.6 0.7 0.7 0.7 0.6 0.3 0.1 -0.0 -0.1 -0.1 -0.1 -0.1 -0.1 -0.1 -0.1 -0.1 -0.0
syst_sys61+ 0.8 0.8 0.7 0.7 0.7 0.8 1.0 1.1 1.2 1.3 1.3 1.1 0.9 0.6 0.4 0.2 0.1 0.0 0.0 -0.0 -0.0 -0.0 -0.0 -0.0 -0.0 0.0
syst_sys61- -0.8 -0.8 -0.7 -0.7 -0.7 -0.8 -0.9 -1.0 -1.1 -1.1 -1.1 -1.0 -0.8 -0.6 -0.3 -0.2 -0.1 -0.0 -0.0 0.0 0.0 0.0 0.0 0.0 0.0 0.0
syst_sys62+ 0.6 0.4 0.3 0.3 0.3 0.2 0.2 0.2 0.2 0.2 0.2 0.2 0.2 0.2 0.2 0.2 0.2 0.2 0.3 0.2 0.2 0.2 0.1 0.1 0.1 0.1
syst_sys62- -0.5 -0.4 -0.4 -0.3 -0.3 -0.2 -0.2 -0.2 -0.2 -0.2 -0.2 -0.2 -0.2 -0.2 -0.2 -0.2 -0.2 -0.2 -0.2 -0.2 -0.2 -0.2 -0.2 -0.1 -0.1 -0.1
syst_sys63+ 6.5 5.8 5.3 4.9 4.6 4.4 4.1 3.8 3.3 2.9 2.5 2.2 2.0 1.8 1.7 1.7 1.6 1.6 1.4 1.3 1.1 1.0 0.9 0.9 0.8 0.9
syst_sys63- -5.8 -5.3 -4.9 -4.7 -4.4 -4.2 -3.9 -3.6 -3.2 -2.7 -2.3 -2.0 -1.8 -1.8 -1.7 -1.7 -1.6 -1.5 -1.4 -1.3 -1.1 -1.0 -0.9 -0.9 -0.9 -0.6
syst_sys64+ 3.4 2.9 2.4 2.0 1.8 1.7 1.6 1.5 1.5 1.5 1.5 1.5 1.4 1.3 1.2 1.3 1.4 1.5 1.6 1.7 1.9 2.0 2.1 2.2 2.2 4.3
syst_sys64- -3.4 -2.9 -2.4 -2.0 -1.8 -1.7 -1.6 -1.5 -1.5 -1.5 -1.5 -1.5 -1.4 -1.3 -1.2 -1.3 -1.4 -1.5 -1.6 -1.7 -1.9 -2.0 -2.1 -2.2 -2.2 -4.3
syst_sys65+ 0.4 0.3 0.1 0.1 0.1 0.1 0.1 0.1 0.1 0.1 0.1 0.1 0.1 0.1 0.1 0.1 0.1 0.1 0.1 0.1 0.1 0.1 0.1 0.1 0.1 0.3
syst_sys65- -0.4 -0.3 -0.1 -0.1 -0.1 -0.1 -0.1 -0.1 -0.1 -0.1 -0.1 -0.1 -0.1 -0.1 -0.1 -0.1 -0.1 -0.1 -0.1 -0.1 -0.1 -0.1 -0.1 -0.1 -0.1 -0.3
syst_sys66+ 0.1 0.1 0.0 0.0 0.0 0.0 0.0 0.0 0.0 0.0 0.0 0.0 0.0 0.0 0.0 0.0 0.0 0.0 0.0 0.0 0.0 0.0 0.1 0.0 1.1 4.1
syst_sys66- -0.1 -0.1 -0.0 -0.0 -0.0 -0.0 -0.0 -0.0 -0.0 -0.0 -0.0 -0.0 -0.0 -0.0 -0.0 -0.0 -0.0 -0.0 -0.0 -0.0 -0.0 -0.0 -0.1 -0.0 -1.1 -4.1
syst_sys67+ 0.5 0.5 0.5 0.5 0.5 0.5 0.5 0.5 0.5 0.5 0.5 0.5 0.5 0.5 0.5 0.5 0.5 0.5 0.5 0.5 0.5 0.5 0.5 0.5 0.5 0.5
syst_sys67- -0.5 -0.5 -0.5 -0.5 -0.5 -0.5 -0.5 -0.5 -0.5 -0.5 -0.5 -0.5 -0.5 -0.5 -0.5 -0.5 -0.5 -0.5 -0.5 -0.5 -0.5 -0.5 -0.5 -0.5 -0.5 -0.5
syst_sys68+ 1.8 1.8 1.8 1.8 1.8 1.8 1.8 1.8 1.8 1.8 1.8 1.8 1.8 1.8 1.8 1.8 1.8 1.8 1.8 1.8 1.8 1.8 1.8 1.8 1.8 1.8
syst_sys68- -1.8 -1.8 -1.8 -1.8 -1.8 -1.8 -1.8 -1.8 -1.8 -1.8 -1.8 -1.8 -1.8 -1.8 -1.8 -1.8 -1.8 -1.8 -1.8 -1.8 -1.8 -1.8 -1.8 -1.8 -1.8 -1.8
syst_sys69+ 0.0 0.0 0.0 0.0 0.0 0.0 0.0 0.0 0.0 0.0 0.0 0.0 0.0 0.0 0.0 0.0 0.0 0.0 0.0 0.0 0.0 0.0 0.0 0.0 0.0 0.0
syst_sys69- -0.0 -0.0 -0.0 -0.0 -0.0 -0.0 -0.0 -0.0 -0.0 -0.0 -0.0 -0.0 -0.0 -0.0 -0.0 -0.0 -0.0 -0.0 -0.0 -0.0 -0.0 -0.0 -0.0 -0.0 -0.0 -0.0
;mean xmin xmax cross staterr   +syst    -syst 
108.0 100 116 3.33e+03 0.61 10.45 9.72
125.0 116 134 1.56e+03 0.85 9.54 9.00
143.0 134 152 7.58e+02 1.0 9.05 8.72
162.0 152 172 3.86e+02 0.78 8.85 8.63
183.0 172 194 1.92e+02 0.63 8.88 8.59
205.0 194 216 9.88e+01 0.83 8.91 8.58
228.0 216 240 5.33e+01 0.61 8.76 8.47
252.0 240 264 2.92e+01 0.79 8.59 8.25
277.0 264 290 1.65e+01 1.0 8.22 7.93
304.0 290 318 9.29e+00 1.3 8.06 7.51
332.0 318 346 5.33e+00 1.3 7.91 7.25
361.0 346 376 3.12e+00 0.68 7.71 7.01
392.0 376 408 1.82e+00 0.40 7.43 6.97
425.0 408 442 1.05e+00 0.42 7.16 7.15
460.0 442 478 6.08e-01 0.44 7.01 7.00
497.0 478 516 3.49e-01 0.38 7.26 7.18
536.0 516 556 1.97e-01 0.48 7.61 7.46
577.0 556 598 1.12e-01 0.61 7.90 7.71
620.0 598 642 6.21e-02 0.79 8.50 8.07
665.0 642 688 3.37e-02 1.0 9.10 8.75
712.0 688 736 1.85e-02 1.4 10.13 9.56
761.0 736 786 1.02e-02 1.8 10.90 10.44
812.0 786 838 5.34e-03 2.5 11.74 11.43
866.0 838 894 2.60e-03 3.4 12.50 12.30
953.0 894 1012 9.15e-04 4.6 13.58 13.29
1502.0 1012 1992 3.18e-05 9.4 19.80 17.85
