; Data taken from arxiv1410.8857 
; systematics
syst_statmc+  +0.79 +0.96 +0.52 +0.50 +0.51 +0.55 +0.71 +0.66 +0.71 +0.71 +1.1 +1.9 +1.3 +1.6 +1.5 +1.5 +2.3 +2.6 +5.2
syst_statmc-  -0.79 -0.96 -0.52 -0.50 -0.51 -0.55 -0.71 -0.66 -0.71 -0.71 -1.1 -1.9 -1.3 -1.6 -1.5 -1.5 -2.3 -2.6 -5.2
syst_sys1+ 3.5 3.5 3.6 3.8 4.3 4.8 5.0 5.0 5.2 5.4 5.7 5.4 6.5 7.2 7.8 9.7 13 13 21
syst_sys1- -3.4 -3.3 -3.4 -3.7 -4.0 -4.3 -4.7 -5.2 -5.3 -5.4 -5.1 -5.2 -6.5 -7.9 -8.2 -9.7 -11 -12 -18
syst_sys2+ 0.5 0.4 0.4 0.4 0.4 0.3 0.3 0.3 0.2 0.2 0.2 0.1 0.1 0.1 0.1 0.1 0.1 0.0 0.1
syst_sys2- -0.5 -0.4 -0.4 -0.3 -0.3 -0.4 -0.3 -0.2 -0.2 -0.2 -0.1 -0.1 -0.1 -0.1 -0.1 -0.1 -0.1 -0.1 -0.1
syst_sys3+ 0.2 0.1 0.1 0.1 0.1 0.1 0.1 0.1 0.1 0.0 0.0 0.0 0.0 0.0 0.0 0.0 -0.0 -0.0 -0.0
syst_sys3- -0.2 -0.2 -0.1 -0.1 -0.1 -0.1 -0.1 -0.0 -0.0 -0.0 -0.0 -0.0 -0.0 -0.0 -0.0 -0.0 0.0 0.0 0.0
syst_sys4+ 0.3 0.3 0.2 0.2 0.2 0.2 0.2 0.2 0.1 0.1 0.1 0.1 0.1 0.1 0.1 0.1 0.0 0.0 0.1
syst_sys4- -0.3 -0.3 -0.2 -0.2 -0.2 -0.2 -0.2 -0.1 -0.1 -0.1 -0.1 -0.1 -0.1 -0.1 -0.1 -0.1 -0.1 -0.1 -0.1
syst_sys5+ 1.4 1.3 1.2 1.3 1.4 1.4 1.2 1.1 0.9 0.7 0.6 0.6 0.5 0.5 0.4 0.4 0.5 0.6 1.1
syst_sys5- -1.4 -1.3 -1.2 -1.2 -1.3 -1.3 -1.2 -1.1 -0.9 -0.7 -0.6 -0.6 -0.5 -0.5 -0.4 -0.5 -0.6 -0.8 -1.1
syst_sys6+ 1.2 1.0 0.9 0.9 0.9 0.9 0.9 0.8 0.7 0.6 0.5 0.5 0.4 0.4 0.4 0.3 0.3 0.4 0.5
syst_sys6- -1.2 -1.0 -0.9 -0.9 -0.9 -0.9 -0.8 -0.8 -0.7 -0.6 -0.5 -0.5 -0.5 -0.4 -0.4 -0.3 -0.3 -0.2 -0.2
syst_sys7+ 0.2 0.1 0.0 0.0 0.0 0.0 0.0 0.0 0.0 0.0 0.0 0.0 0.0 0.0 0.0 0.0 -0.0 -0.0 -0.0
syst_sys7- -0.2 -0.1 -0.1 -0.1 -0.0 -0.0 -0.0 -0.0 -0.0 -0.0 -0.0 -0.0 -0.0 -0.0 -0.0 -0.0 0.0 0.0 0.0
syst_sys8+ 0.6 0.6 0.5 0.5 0.5 0.5 0.5 0.5 0.4 0.4 0.5 0.5 0.5 0.5 0.5 0.6 0.7 0.9 1.6
syst_sys8- -0.7 -0.6 -0.5 -0.5 -0.5 -0.5 -0.5 -0.5 -0.4 -0.4 -0.5 -0.6 -0.6 -0.7 -0.7 -0.8 -0.9 -1.1 -1.6
syst_sys9+ 0.1 0.1 0.1 0.1 0.1 0.1 0.1 0.1 0.1 0.1 0.2 0.2 0.2 0.2 0.2 0.2 0.2 0.1 0.1
syst_sys9- -0.1 -0.1 -0.1 -0.1 -0.1 -0.1 -0.1 -0.1 -0.1 -0.1 -0.1 -0.1 -0.2 -0.2 -0.3 -0.3 -0.3 -0.2 -0.1
syst_sys10+ 1.0 1.0 1.1 1.3 1.5 1.5 1.5 1.3 1.1 0.9 0.8 0.7 0.6 0.5 0.4 0.5 0.6 0.7 0.8
syst_sys10- -1.1 -1.1 -1.1 -1.2 -1.4 -1.4 -1.4 -1.3 -1.1 -0.9 -0.8 -0.7 -0.6 -0.5 -0.5 -0.5 -0.6 -0.8 -0.6
syst_sys11+ 0.3 0.3 0.3 0.3 0.3 0.3 0.3 0.3 0.3 0.3 0.4 0.4 0.4 0.4 0.4 0.4 0.5 0.7 1.3
syst_sys11- -0.4 -0.3 -0.3 -0.3 -0.3 -0.4 -0.4 -0.3 -0.3 -0.3 -0.3 -0.3 -0.4 -0.4 -0.5 -0.5 -0.6 -0.8 -1.3
syst_sys12+ 0.9 0.9 0.8 0.9 1.0 1.0 1.0 1.0 1.0 1.1 1.1 1.2 1.3 1.4 1.5 1.6 1.7 1.8 2.9
syst_sys12- -1.0 -0.9 -0.8 -0.9 -0.9 -1.0 -1.0 -1.1 -1.0 -1.0 -1.1 -1.3 -1.5 -1.6 -1.7 -1.8 -2.0 -2.1 -2.6
syst_sys13+ 0.7 0.6 0.5 0.5 0.6 0.7 0.8 0.8 0.9 1.0 1.1 1.2 1.4 1.6 1.8 2.1 2.4 2.7 5.4
syst_sys13- -0.7 -0.6 -0.5 -0.5 -0.6 -0.6 -0.7 -0.8 -0.9 -0.9 -1.0 -1.3 -1.5 -1.7 -1.9 -2.2 -2.6 -3.1 -5.2
syst_sys14+ -0.0 0.0 0.0 0.0 0.0 0.1 0.1 0.1 0.1 0.1 0.1 0.1 0.1 0.1 0.1 0.1 0.1 0.1 0.3
syst_sys14- 0.0 -0.0 -0.0 -0.0 -0.0 -0.1 -0.1 -0.1 -0.1 -0.1 -0.1 -0.1 -0.1 -0.2 -0.2 -0.2 -0.2 -0.2 -0.3
syst_sys15+ -0.0 -0.0 0.0 0.0 0.0 0.0 0.0 0.1 0.1 0.1 0.1 0.1 0.1 0.2 0.2 0.3 0.4 0.7 1.4
syst_sys15- 0.0 0.0 -0.0 -0.0 -0.0 -0.0 -0.0 -0.1 -0.1 -0.1 -0.1 -0.1 -0.1 -0.2 -0.3 -0.3 -0.4 -0.6 -1.6
syst_sys16+ -0.0 -0.0 -0.0 0.0 0.0 0.1 0.1 0.2 0.3 0.3 0.4 0.4 0.5 0.6 0.8 1.1 1.4 1.7 5.4
syst_sys16- 0.0 0.0 0.0 -0.0 -0.0 -0.1 -0.2 -0.2 -0.2 -0.3 -0.4 -0.5 -0.7 -0.8 -1.0 -1.3 -1.7 -2.4 -5.2
syst_sys17+ -0.0 0.0 0.0 0.1 0.2 0.2 0.3 0.4 0.4 0.5 0.6 0.8 0.9 1.2 1.6 2.0 2.5 2.9 7.6
syst_sys17- 0.0 -0.0 -0.0 -0.1 -0.2 -0.3 -0.4 -0.4 -0.4 -0.4 -0.6 -0.9 -1.3 -1.6 -1.9 -2.2 -2.7 -3.5 -7.2
syst_sys18+ -0.0 0.0 0.0 0.1 0.2 0.3 0.3 0.3 0.4 0.4 0.4 0.4 0.4 0.5 0.6 0.8 1.0 1.5 5.7
syst_sys18- 0.0 -0.0 -0.0 -0.1 -0.2 -0.3 -0.3 -0.4 -0.3 -0.3 -0.4 -0.5 -0.6 -0.6 -0.8 -1.0 -1.3 -1.9 -5.5
syst_sys19+ -0.0 -0.0 0.0 0.1 0.1 0.2 0.3 0.4 0.4 0.5 0.5 0.6 0.7 0.8 0.9 1.1 1.4 1.8 5.9
syst_sys19- 0.0 0.0 -0.0 -0.0 -0.1 -0.2 -0.3 -0.4 -0.4 -0.4 -0.5 -0.7 -0.9 -0.9 -1.1 -1.3 -1.7 -2.4 -5.6
syst_sys20+ -0.0 -0.0 -0.0 0.0 0.1 0.2 0.3 0.4 0.5 0.6 0.8 0.9 0.9 1.1 1.4 1.8 2.4 3.1 9.4
syst_sys20- 0.0 0.0 0.0 -0.0 -0.1 -0.2 -0.3 -0.5 -0.5 -0.6 -0.7 -1.0 -1.3 -1.6 -1.8 -2.1 -2.6 -3.6 -8.5
syst_sys21+ -0.0 -0.0 -0.0 0.0 0.0 0.1 0.1 0.2 0.2 0.2 0.3 0.3 0.4 0.4 0.5 0.7 0.9 1.2 4.9
syst_sys21- 0.0 0.0 0.0 -0.0 -0.0 -0.1 -0.1 -0.2 -0.2 -0.2 -0.3 -0.3 -0.4 -0.5 -0.6 -0.8 -1.0 -1.5 -4.8
syst_sys22+ 0.1 0.1 0.0 0.0 0.0 0.0 0.0 0.0 0.0 0.0 0.0 0.0 0.0 0.0 0.0 0.0 0.0 0.0 0.0
syst_sys22- -0.1 -0.1 -0.0 -0.0 -0.0 -0.0 -0.0 -0.0 -0.0 -0.0 -0.0 -0.0 -0.0 -0.0 -0.0 -0.0 -0.0 -0.0 -0.0
syst_sys23+ 0.1 0.0 0.0 0.0 0.0 0.0 0.0 0.0 0.0 0.0 0.0 0.0 0.0 0.0 0.0 0.0 0.0 0.0 0.0
syst_sys23- -0.1 -0.0 -0.0 -0.0 -0.0 -0.0 -0.0 -0.0 -0.0 -0.0 -0.0 -0.0 -0.0 -0.0 -0.0 -0.0 -0.0 -0.0 0.0
syst_sys24+ 0.0 0.0 0.0 0.0 0.0 0.0 0.0 0.0 0.0 0.0 0.0 0.0 0.0 0.0 0.0 0.1 0.1 0.1 0.0
syst_sys24- -0.0 -0.0 -0.0 -0.0 -0.0 -0.0 -0.0 -0.0 -0.0 -0.0 -0.0 -0.0 -0.0 -0.0 -0.0 -0.0 -0.0 -0.0 -0.0
syst_sys25+ 0.1 0.0 0.0 0.0 0.0 0.0 0.0 0.0 0.0 0.0 0.0 0.0 0.0 0.0 0.0 -0.0 -0.0 -0.0 -0.0
syst_sys25- -0.1 -0.1 -0.0 -0.0 -0.0 -0.0 -0.0 -0.0 -0.0 -0.0 -0.0 -0.0 -0.0 -0.0 -0.0 0.0 0.0 0.0 0.0
syst_sys26+ 0.1 0.1 0.0 0.0 0.0 0.0 0.0 0.0 0.0 0.0 0.0 0.0 0.0 0.0 0.0 0.0 0.0 0.0 0.0
syst_sys26- -0.1 -0.1 -0.0 -0.0 -0.0 -0.0 -0.0 -0.0 -0.0 -0.0 -0.0 -0.0 -0.0 -0.0 -0.0 -0.0 -0.0 -0.0 -0.0
syst_sys27+ 0.3 0.2 0.1 0.1 0.1 0.0 0.0 0.0 0.0 0.0 0.0 0.0 0.0 0.0 0.0 0.0 0.0 0.0 -0.0
syst_sys27- -0.3 -0.2 -0.1 -0.1 -0.1 -0.1 -0.0 -0.0 -0.0 -0.0 -0.0 -0.0 -0.0 -0.0 -0.0 -0.0 -0.0 -0.0 0.0
syst_sys28+ 0.5 0.3 0.2 0.1 0.1 0.1 0.1 0.0 0.0 0.0 0.0 0.0 0.0 0.0 0.0 0.0 0.0 0.0 -0.0
syst_sys28- -0.5 -0.3 -0.2 -0.1 -0.1 -0.1 -0.1 -0.0 -0.0 -0.0 -0.0 -0.0 -0.0 -0.0 -0.0 -0.0 -0.0 -0.0 0.0
syst_sys29+ 0.7 0.5 0.4 0.3 0.3 0.2 0.2 0.1 0.1 0.1 0.1 0.1 0.1 0.1 0.0 0.0 0.0 0.0 0.0
syst_sys29- -0.7 -0.6 -0.4 -0.3 -0.3 -0.2 -0.2 -0.1 -0.1 -0.1 -0.1 -0.1 -0.1 -0.1 -0.1 -0.0 -0.0 -0.0 -0.0
syst_sys30+ 0.3 0.4 0.5 0.5 0.5 0.4 0.3 0.3 0.2 0.2 0.2 0.2 0.1 0.1 0.1 0.1 0.1 0.1 0.1
syst_sys30- -0.4 -0.5 -0.5 -0.5 -0.4 -0.4 -0.3 -0.3 -0.2 -0.2 -0.1 -0.1 -0.1 -0.1 -0.2 -0.2 -0.1 -0.1 -0.1
syst_sys31+ 0.0 0.1 0.2 0.4 0.5 0.5 0.5 0.4 0.2 0.2 0.2 0.1 0.1 0.1 0.0 0.0 0.0 0.0 0.0
syst_sys31- -0.1 -0.1 -0.3 -0.4 -0.5 -0.6 -0.5 -0.4 -0.3 -0.2 -0.1 -0.1 -0.1 -0.1 -0.1 -0.1 -0.0 -0.0 -0.0
syst_sys32+ -0.0 -0.0 -0.0 0.0 0.1 0.2 0.3 0.4 0.4 0.4 0.4 0.4 0.3 0.3 0.3 0.3 0.2 0.2 0.1
syst_sys32- 0.0 0.0 0.0 -0.0 -0.1 -0.2 -0.3 -0.4 -0.4 -0.4 -0.3 -0.3 -0.3 -0.3 -0.3 -0.3 -0.2 -0.2 -0.1
syst_sys33+ 0.0 0.0 0.0 0.0 0.0 0.0 0.0 0.0 0.0 0.0 0.0 0.0 0.0 0.0 0.0 0.0 0.0 0.0 0.0
syst_sys33- -0.0 -0.0 -0.0 -0.0 -0.0 -0.0 -0.0 -0.0 -0.0 -0.0 -0.0 -0.0 -0.0 -0.0 -0.0 -0.0 -0.0 -0.0 -0.0
syst_sys34+ 0.0 0.0 0.0 0.0 0.0 0.0 0.0 0.0 0.0 0.0 0.0 0.0 0.0 0.0 0.0 0.0 0.0 0.0 0.0
syst_sys34- -0.0 -0.0 -0.0 -0.0 -0.0 -0.0 -0.0 -0.0 -0.0 -0.0 -0.0 -0.0 -0.0 -0.0 -0.0 -0.0 -0.0 -0.0 -0.0
syst_sys35+ 0.1 0.0 0.0 0.0 0.0 0.0 0.0 0.0 0.0 0.0 0.0 -0.0 -0.0 -0.0 -0.0 -0.0 -0.0 -0.0 -0.0
syst_sys35- -0.1 -0.0 -0.0 -0.0 -0.0 -0.0 -0.0 -0.0 -0.0 -0.0 -0.0 0.0 0.0 0.0 0.0 0.0 0.0 0.0 0.0
syst_sys36+ 0.1 0.1 0.1 0.0 0.0 0.0 0.0 0.0 0.0 0.0 0.0 0.0 0.0 0.0 0.0 0.0 -0.0 -0.0 -0.0
syst_sys36- -0.1 -0.1 -0.0 -0.0 -0.0 -0.0 -0.0 -0.0 -0.0 -0.0 -0.0 -0.0 -0.0 -0.0 -0.0 -0.0 0.0 0.0 0.0
syst_sys37+ 0.1 0.1 0.1 0.1 0.1 0.1 0.1 0.1 0.0 0.0 0.0 0.0 0.0 0.0 0.0 0.0 0.0 0.0 -0.0
syst_sys37- -0.1 -0.1 -0.1 -0.1 -0.1 -0.1 -0.0 -0.0 -0.0 -0.0 -0.0 -0.0 -0.0 -0.0 -0.0 -0.0 -0.0 -0.0 0.0
syst_sys38+ 0.0 0.0 0.0 0.0 0.1 0.1 0.1 0.1 0.1 0.1 0.1 0.1 0.0 0.0 0.0 0.0 0.0 0.0 -0.0
syst_sys38- -0.0 -0.0 -0.0 -0.1 -0.1 -0.1 -0.1 -0.1 -0.1 -0.0 -0.0 -0.0 -0.0 -0.0 -0.0 -0.0 -0.0 -0.0 0.0
syst_sys39+ -0.0 -0.0 -0.0 0.0 0.1 0.1 0.1 0.2 0.2 0.1 0.1 0.1 0.1 0.1 0.0 0.1 0.1 0.1 0.0
syst_sys39- 0.0 0.0 0.0 -0.0 -0.1 -0.1 -0.1 -0.1 -0.1 -0.1 -0.1 -0.1 -0.1 -0.1 -0.1 -0.1 -0.1 -0.0 -0.0
syst_sys40+ -0.0 -0.0 -0.0 -0.0 0.0 0.1 0.1 0.2 0.2 0.2 0.2 0.2 0.2 0.2 0.2 0.2 0.2 0.1 0.1
syst_sys40- 0.0 0.0 0.0 0.0 -0.0 -0.0 -0.1 -0.2 -0.2 -0.2 -0.2 -0.2 -0.2 -0.2 -0.2 -0.2 -0.2 -0.1 -0.1
syst_sys41+ 0.0 0.0 -0.0 -0.0 -0.0 0.0 0.0 0.1 0.1 0.2 0.3 0.3 0.3 0.3 0.3 0.3 0.4 0.5 0.9
syst_sys41- -0.0 -0.0 0.0 0.0 0.0 -0.0 -0.0 -0.0 -0.1 -0.1 -0.2 -0.2 -0.3 -0.3 -0.3 -0.3 -0.3 -0.3 -0.3
syst_sys42+ 0.0 0.0 0.0 -0.0 -0.0 -0.0 -0.0 -0.0 0.0 0.1 0.3 0.4 0.5 0.6 0.7 0.8 0.9 1.0 1.7
syst_sys42- -0.0 -0.0 -0.0 0.0 0.0 0.0 0.0 0.0 -0.0 -0.1 -0.2 -0.5 -0.6 -0.7 -0.8 -0.9 -1.0 -1.1 -1.9
syst_sys43+ 0.0 0.0 0.0 0.0 0.0 0.0 -0.0 -0.0 -0.0 -0.0 0.0 0.1 0.3 0.4 0.6 0.8 0.9 1.0 1.1
syst_sys43- -0.0 -0.0 -0.0 -0.0 -0.0 -0.0 0.0 0.0 0.0 0.0 -0.0 -0.1 -0.0 -0.3 -0.6 -0.8 -1.0 -1.2 -1.2
syst_sys44+ 0.0 0.0 0.0 0.0 0.0 0.0 0.0 0.0 0.0 -0.0 -0.0 -0.0 0.0 0.1 0.2 0.5 0.8 1.3 4.2
syst_sys44- -0.0 -0.0 -0.0 -0.0 -0.0 -0.0 -0.0 -0.0 -0.0 0.0 0.0 0.0 -0.0 -0.2 -0.5 -0.8 -1.1 -1.6 -3.9
syst_sys45+ 0.0 0.0 0.0 0.0 0.0 0.0 0.0 0.1 0.0 0.0 0.0 0.0 0.0 0.0 0.0 0.0 0.0 0.0 0.0
syst_sys45- -0.0 -0.0 -0.0 -0.0 -0.0 -0.0 -0.0 -0.0 -0.0 -0.0 -0.0 -0.0 -0.0 -0.0 -0.0 -0.0 -0.0 -0.0 -0.0
syst_sys46+ -0.0 -0.0 -0.0 -0.0 -0.0 -0.0 0.0 0.0 0.0 0.0 0.0 0.0 0.0 0.0 0.0 0.0 0.0 0.0 0.0
syst_sys46- 0.0 0.0 0.0 0.0 0.0 0.0 -0.0 -0.0 -0.0 -0.0 -0.0 -0.0 -0.0 -0.0 -0.0 -0.0 -0.0 -0.0 -0.0
syst_sys47+ 0.0 0.0 0.0 0.0 0.0 0.0 0.0 0.0 0.0 0.0 0.0 0.0 0.0 0.0 0.0 0.0 0.0 0.0 -0.0
syst_sys47- -0.0 -0.0 -0.0 -0.0 -0.0 -0.0 -0.0 -0.0 -0.0 -0.0 -0.0 -0.0 -0.0 -0.0 -0.0 -0.0 -0.0 -0.0 0.0
syst_sys48+ 0.0 0.0 0.0 0.0 0.0 0.0 0.0 0.0 0.0 0.0 0.0 0.0 0.0 0.0 0.0 0.0 0.0 0.0 0.0
syst_sys48- -0.0 -0.0 -0.0 -0.0 -0.0 -0.0 -0.0 -0.0 -0.0 -0.0 -0.0 -0.0 -0.0 -0.0 -0.0 -0.0 -0.0 -0.0 -0.0
syst_sys49+ -0.0 -0.0 -0.0 -0.0 -0.0 -0.0 -0.0 -0.0 -0.0 -0.0 0.0 0.0 0.0 0.0 0.0 0.0 0.0 0.0 -0.0
syst_sys49- 0.0 0.0 0.0 0.0 0.0 0.0 0.0 0.0 0.0 0.0 -0.0 -0.0 -0.0 -0.0 -0.0 -0.0 -0.0 -0.0 0.0
syst_sys50+ -0.0 -0.0 -0.0 -0.0 -0.0 -0.0 -0.0 -0.0 -0.0 -0.0 -0.0 -0.0 0.0 0.0 0.0 0.1 0.1 0.1 0.1
syst_sys50- 0.0 0.0 0.0 0.0 0.0 0.0 0.0 0.0 0.0 0.0 0.0 0.0 -0.0 -0.0 -0.1 -0.1 -0.1 -0.1 -0.1
syst_sys51+ 0.0 0.0 0.0 0.0 0.0 0.0 0.0 0.0 0.0 0.0 0.0 0.0 0.0 0.0 0.0 0.1 0.1 0.2 1.1
syst_sys51- -0.0 -0.0 -0.0 -0.0 -0.0 -0.0 -0.0 -0.0 -0.0 -0.0 -0.0 -0.0 -0.0 -0.0 -0.0 -0.0 -0.0 -0.1 -1.1
syst_sys52+ 0.0 0.0 0.0 0.0 0.0 0.0 0.0 0.0 0.0 0.0 0.0 0.0 0.0 0.0 -0.0 -0.0 0.0 0.0 0.4
syst_sys52- -0.0 -0.0 -0.0 -0.0 -0.0 -0.0 -0.0 -0.0 -0.0 -0.0 -0.0 -0.0 -0.0 -0.0 0.0 0.0 -0.0 -0.0 -0.4
syst_sys53+ -0.0 -0.0 -0.0 -0.0 -0.0 -0.0 -0.0 -0.0 -0.0 -0.0 -0.0 -0.0 -0.0 -0.0 -0.0 -0.0 0.0 0.0 -0.0
syst_sys53- 0.0 0.0 0.0 0.0 0.0 0.0 0.0 0.0 0.0 0.0 0.0 0.0 0.0 0.0 0.0 0.0 -0.0 -0.0 0.0
syst_sys54+ 0.0 0.0 0.0 0.0 0.0 0.0 0.0 0.0 0.0 0.0 0.0 0.0 0.0 0.0 0.0 0.0 0.0 0.0 0.0
syst_sys54- 0.0 0.0 0.0 0.0 0.0 0.0 0.0 0.0 0.0 0.0 0.0 0.0 0.0 0.0 0.0 0.0 0.0 0.0 0.0
syst_sys55+ 0.8 0.7 0.7 0.7 0.8 0.8 0.8 0.8 0.7 0.8 0.9 1.1 1.1 1.3 1.2 1.6 1.7 2.2 3.5
syst_sys55- -0.8 -0.7 -0.7 -0.6 -0.7 -0.7 -0.8 -0.8 -0.7 -0.6 -0.8 -1.2 -1.0 -1.0 -1.4 -1.7 -2.2 -2.6 -3.0
syst_sys56+ 16 16 16 17 18 19 19 19 19 19 19 19 20 21 22 24 26 28 42
syst_sys56- -13 -14 -15 -15 -16 -16 -17 -17 -17 -17 -16 -16 -17 -18 -19 -20 -21 -22 -30
syst_sys57+ 0.0 0.0 0.0 0.0 0.0 0.0 0.0 0.0 0.0 0.0 0.0 0.0 0.0 0.0 0.0 0.0 0.0 0.0 0.0
syst_sys57- 0.0 0.0 0.0 0.0 0.0 0.0 0.0 0.0 0.0 0.0 0.0 0.0 0.0 0.0 0.0 0.0 0.0 0.0 0.0
syst_sys58+ -3.4 -2.9 -2.4 -2.1 -1.9 -1.6 -1.4 -1.1 -0.9 -0.5 -0.1 0.2 0.2 0.1 0.0 1.1 3.7 8.2 -26
syst_sys58- 3.4 2.9 2.6 2.3 2.1 1.7 1.4 1.1 0.9 0.6 0.1 -0.2 -0.2 -0.1 -0.7 -2.7 -5.6 -9.0 25
syst_sys59+ -0.5 -0.4 -0.3 -0.3 -0.3 -0.3 -0.3 -0.3 -0.2 -0.2 -0.2 -0.2 -0.2 -0.1 -0.1 -0.0 -0.0 -0.0 -0.0
syst_sys59- 0.5 0.4 0.3 0.3 0.3 0.3 0.2 0.2 0.2 0.3 0.3 0.3 0.3 0.3 0.2 0.1 0.1 0.1 0.1
syst_sys60+ -1.5 -1.3 -1.1 -1.1 -1.1 -1.0 -1.1 -1.1 -1.0 -0.9 -1.1 -1.2 -1.1 -0.9 -0.6 -0.3 -0.2 0.1 0.1
syst_sys60- 1.6 1.3 1.3 1.3 1.3 1.3 1.1 1.0 0.9 1.0 1.1 1.2 1.2 0.9 0.5 0.2 0.1 -0.1 -0.1
syst_sys61+ 0.7 0.7 0.6 0.6 0.7 0.9 0.9 1.0 1.0 1.0 1.0 0.9 0.7 0.4 0.2 0.1 0.0 0.0 0.0
syst_sys61- -0.7 -0.7 -0.6 -0.6 -0.6 -0.7 -0.8 -1.0 -1.0 -1.0 -0.9 -0.8 -0.6 -0.4 -0.2 -0.1 -0.0 -0.0 0.0
syst_sys62+ 0.4 0.4 0.3 0.3 0.4 0.4 0.4 0.4 0.4 0.4 0.5 0.5 0.5 0.5 0.4 0.4 0.5 0.6 0.8
syst_sys62- -0.5 -0.4 -0.3 -0.3 -0.4 -0.4 -0.4 -0.4 -0.4 -0.4 -0.4 -0.4 -0.5 -0.5 -0.5 -0.6 -0.6 -0.7 -0.5
syst_sys63+ 4.4 3.9 3.5 3.1 2.8 2.4 2.1 1.9 1.9 1.9 1.9 1.9 1.9 1.8 1.7 1.7 1.6 1.5 -0.4
syst_sys63- -4.2 -3.7 -3.2 -2.9 -2.5 -2.2 -2.1 -2.1 -2.0 -1.8 -1.8 -1.9 -2.2 -2.2 -2.1 -1.9 -1.8 -1.6 0.7
syst_sys64+ 4.8 3.7 3.2 2.9 2.8 2.7 2.6 2.6 2.7 3.0 3.3 3.5 3.7 3.9 4.4 5.0 5.7 6.3 16
syst_sys64- -4.8 -3.7 -3.2 -2.9 -2.8 -2.7 -2.6 -2.6 -2.7 -3.0 -3.3 -3.5 -3.7 -3.9 -4.4 -5.0 -5.7 -6.3 -16
syst_sys65+ 0.8 0.7 0.6 0.6 0.6 0.6 0.5 0.5 0.4 0.4 0.4 0.5 0.5 0.5 0.5 0.5 0.5 0.6 2.7
syst_sys65- -0.8 -0.7 -0.6 -0.6 -0.6 -0.6 -0.5 -0.5 -0.4 -0.4 -0.4 -0.5 -0.5 -0.5 -0.5 -0.5 -0.5 -0.6 -2.7
syst_sys66+ 0.0 0.0 0.0 0.0 0.0 0.0 0.0 0.0 0.0 0.0 0.0 0.0 0.0 0.0 0.0 0.0 0.1 0.1 0.2
syst_sys66- -0.0 -0.0 -0.0 -0.0 -0.0 -0.0 -0.0 -0.0 -0.0 -0.0 -0.0 -0.0 -0.0 -0.0 -0.0 -0.0 -0.1 -0.1 -0.2
syst_sys67+ 0.5 0.5 0.5 0.5 0.5 0.5 0.5 0.5 0.5 0.5 0.5 0.5 0.5 0.5 0.5 0.5 0.5 0.5 0.5
syst_sys67- -0.5 -0.5 -0.5 -0.5 -0.5 -0.5 -0.5 -0.5 -0.5 -0.5 -0.5 -0.5 -0.5 -0.5 -0.5 -0.5 -0.5 -0.5 -0.5
syst_sys68+ 1.8 1.8 1.8 1.8 1.8 1.8 1.8 1.8 1.8 1.8 1.8 1.8 1.8 1.8 1.8 1.8 1.8 1.8 1.8
syst_sys68- -1.8 -1.8 -1.8 -1.8 -1.8 -1.8 -1.8 -1.8 -1.8 -1.8 -1.8 -1.8 -1.8 -1.8 -1.8 -1.8 -1.8 -1.8 -1.8
syst_sys69+ 0.0 0.0 0.0 0.0 0.0 0.0 0.0 0.0 0.0 0.0 0.0 0.0 0.0 0.0 0.0 0.0 0.0 0.0 0.0
syst_sys69- -0.0 -0.0 -0.0 -0.0 -0.0 -0.0 -0.0 -0.0 -0.0 -0.0 -0.0 -0.0 -0.0 -0.0 -0.0 -0.0 -0.0 -0.0 0.0
;mean xmin xmax cross staterr   +syst    -syst 
108.0 100 116 1.87e+03 0.88 18.39 15.81
125.0 116 134 7.83e+02 1.2 17.88 16.04
143.0 134 152 3.63e+02 1.6 17.58 16.62
162.0 152 172 1.65e+02 1.3 18.40 16.53
183.0 172 194 7.82e+01 1.0 19.40 17.44
205.0 194 216 3.57e+01 1.5 20.35 17.43
228.0 216 240 1.69e+01 1.2 20.34 18.39
252.0 240 264 7.99e+00 1.7 20.29 18.51
277.0 264 290 3.93e+00 2.3 20.31 18.48
304.0 290 318 1.73e+00 3.4 20.38 18.51
332.0 318 346 7.78e-01 3.7 20.56 17.59
361.0 346 376 3.66e-01 2.1 20.60 17.84
392.0 376 408 1.53e-01 1.3 21.83 19.24
425.0 408 442 6.28e-02 1.9 23.04 20.74
460.0 442 478 2.45e-02 2.6 24.28 21.92
497.0 478 516 8.45e-03 2.5 27.00 23.79
536.0 516 556 2.92e-03 4.3 30.60 26.12
599.0 556 642 5.60e-04 7.2 33.52 28.89
768.0 642 894 9.83e-06 33 59.37 49.52
