; Data taken from arxiv1410.8857 
; systematics
syst_statmc+  +0.87 +0.67 +0.47 +0.43 +0.45 +0.47 +0.44 +0.42 +0.53 +0.49 +0.64 +0.70 +0.65 +0.73 +0.66 +0.52 +0.64 +0.56 +0.54 +0.63 +0.79 +0.68 +3.6
syst_statmc-  -0.87 -0.67 -0.47 -0.43 -0.45 -0.47 -0.44 -0.42 -0.53 -0.49 -0.64 -0.70 -0.65 -0.73 -0.66 -0.52 -0.64 -0.56 -0.54 -0.63 -0.79 -0.68 -3.6
syst_sys1+ 3.3 3.4 3.5 3.6 3.8 4.0 4.1 4.3 4.4 4.5 4.6 4.3 4.7 4.9 5.2 6.0 6.6 7.5 8.8 9.1 9.9 12 16
syst_sys1- -2.9 -2.9 -3.1 -3.4 -3.7 -3.7 -3.9 -4.1 -4.3 -4.4 -4.6 -4.3 -4.7 -5.2 -5.3 -5.5 -6.1 -7.1 -7.9 -8.5 -9.0 -12 -15
syst_sys2+ 0.3 0.4 0.3 0.3 0.3 0.3 0.2 0.2 0.2 0.1 0.1 0.1 0.1 0.1 0.1 0.1 0.1 0.1 0.1 0.1 0.1 0.0 0.0
syst_sys2- -0.4 -0.4 -0.3 -0.3 -0.3 -0.3 -0.2 -0.2 -0.2 -0.1 -0.1 -0.1 -0.1 -0.1 -0.1 -0.1 -0.1 -0.1 -0.1 -0.1 -0.1 -0.0 -0.1
syst_sys3+ 0.2 0.1 0.1 0.1 0.1 0.1 0.1 0.1 0.0 0.0 0.0 0.0 0.0 0.0 0.0 0.0 0.0 0.0 0.0 0.0 0.0 0.0 0.0
syst_sys3- -0.1 -0.1 -0.1 -0.1 -0.1 -0.1 -0.1 -0.1 -0.0 -0.0 -0.0 -0.0 -0.0 -0.0 -0.0 -0.0 -0.0 -0.0 -0.0 -0.0 -0.0 -0.0 -0.0
syst_sys4+ 0.2 0.2 0.2 0.2 0.2 0.2 0.1 0.1 0.1 0.1 0.1 0.1 0.1 0.1 0.0 0.0 0.0 0.0 0.1 0.1 0.1 0.1 0.2
syst_sys4- -0.2 -0.2 -0.2 -0.2 -0.2 -0.2 -0.1 -0.1 -0.1 -0.1 -0.1 -0.1 -0.0 -0.0 -0.0 -0.0 -0.1 -0.1 -0.1 -0.1 -0.1 -0.1 -0.1
syst_sys5+ 1.5 1.3 1.2 1.3 1.3 1.2 1.0 0.9 0.8 0.7 0.6 0.5 0.4 0.3 0.3 0.3 0.3 0.4 0.4 0.4 0.5 0.6 1.4
syst_sys5- -1.2 -1.1 -1.1 -1.2 -1.2 -1.1 -1.0 -0.9 -0.8 -0.6 -0.6 -0.5 -0.4 -0.3 -0.3 -0.3 -0.4 -0.4 -0.4 -0.5 -0.5 -0.6 -0.9
syst_sys6+ 1.3 1.0 0.9 0.9 0.8 0.8 0.7 0.7 0.6 0.5 0.4 0.4 0.3 0.3 0.3 0.3 0.3 0.3 0.3 0.3 0.3 0.3 0.9
syst_sys6- -1.0 -0.9 -0.9 -0.8 -0.8 -0.8 -0.7 -0.6 -0.6 -0.5 -0.5 -0.4 -0.3 -0.3 -0.3 -0.3 -0.3 -0.3 -0.3 -0.3 -0.3 -0.3 -0.3
syst_sys7+ 0.1 0.1 0.1 0.0 0.0 0.0 0.0 0.0 0.0 0.0 0.0 0.0 0.0 0.0 0.0 0.0 0.0 0.0 0.0 0.0 0.0 0.0 0.0
syst_sys7- -0.1 -0.1 -0.1 -0.0 -0.0 -0.0 -0.0 -0.0 -0.0 -0.0 -0.0 -0.0 -0.0 -0.0 -0.0 -0.0 -0.0 -0.0 -0.0 -0.0 -0.0 -0.0 -0.0
syst_sys8+ 0.7 0.6 0.5 0.5 0.5 0.4 0.4 0.4 0.4 0.4 0.3 0.3 0.3 0.4 0.4 0.4 0.5 0.5 0.6 0.6 0.7 0.8 1.8
syst_sys8- -0.5 -0.5 -0.5 -0.4 -0.4 -0.4 -0.4 -0.4 -0.3 -0.4 -0.4 -0.4 -0.4 -0.4 -0.4 -0.4 -0.5 -0.6 -0.6 -0.6 -0.7 -0.8 -1.3
syst_sys9+ 0.1 0.1 0.1 0.1 0.1 0.1 0.1 0.1 0.1 0.1 0.1 0.1 0.1 0.1 0.1 0.1 0.2 0.2 0.2 0.2 0.2 0.3 0.7
syst_sys9- -0.1 -0.1 -0.1 -0.1 -0.1 -0.1 -0.1 -0.1 -0.1 -0.1 -0.1 -0.1 -0.1 -0.1 -0.1 -0.2 -0.2 -0.2 -0.2 -0.2 -0.3 -0.3 -0.2
syst_sys10+ 1.1 1.1 1.1 1.2 1.4 1.3 1.2 1.1 1.0 0.8 0.7 0.5 0.4 0.4 0.4 0.4 0.4 0.4 0.4 0.4 0.4 0.4 1.1
syst_sys10- -0.9 -0.9 -1.1 -1.2 -1.3 -1.3 -1.2 -1.1 -1.0 -0.8 -0.7 -0.6 -0.5 -0.4 -0.4 -0.4 -0.4 -0.4 -0.4 -0.4 -0.4 -0.4 -0.5
syst_sys11+ 0.5 0.4 0.3 0.3 0.3 0.3 0.3 0.3 0.3 0.3 0.3 0.3 0.3 0.3 0.3 0.4 0.4 0.4 0.5 0.5 0.6 0.6 1.4
syst_sys11- -0.2 -0.3 -0.3 -0.3 -0.3 -0.3 -0.2 -0.2 -0.3 -0.3 -0.3 -0.3 -0.3 -0.3 -0.3 -0.4 -0.4 -0.5 -0.5 -0.5 -0.5 -0.7 -0.9
syst_sys12+ 1.0 0.9 0.8 0.9 0.9 0.8 0.8 0.8 0.8 0.9 0.9 0.9 1.0 1.0 1.1 1.1 1.1 1.2 1.2 1.2 1.3 1.3 2.6
syst_sys12- -0.8 -0.8 -0.8 -0.8 -0.8 -0.8 -0.8 -0.8 -0.8 -0.9 -0.9 -1.0 -1.1 -1.1 -1.1 -1.1 -1.1 -1.2 -1.2 -1.2 -1.3 -1.4 -1.8
syst_sys13+ 0.7 0.6 0.5 0.5 0.5 0.5 0.6 0.6 0.7 0.8 0.8 0.9 1.0 1.1 1.2 1.4 1.5 1.7 2.0 2.1 2.3 2.7 5.4
syst_sys13- -0.5 -0.5 -0.5 -0.5 -0.5 -0.5 -0.6 -0.6 -0.7 -0.8 -0.9 -1.0 -1.1 -1.2 -1.2 -1.3 -1.5 -1.7 -1.9 -2.1 -2.3 -2.7 -4.6
syst_sys14+ -0.0 -0.0 0.0 0.0 0.0 0.1 0.1 0.1 0.1 0.1 0.1 0.1 0.1 0.1 0.1 0.1 0.1 0.1 0.2 0.2 0.2 0.3 0.9
syst_sys14- 0.0 0.0 -0.0 -0.0 -0.0 -0.1 -0.1 -0.1 -0.1 -0.1 -0.1 -0.1 -0.1 -0.1 -0.1 -0.1 -0.1 -0.1 -0.2 -0.2 -0.2 -0.3 -0.3
syst_sys15+ -0.0 -0.0 -0.0 0.0 0.0 0.0 0.0 0.0 0.0 0.1 0.1 0.1 0.1 0.1 0.1 0.1 0.2 0.3 0.4 0.5 0.6 0.9 2.6
syst_sys15- 0.0 0.0 0.0 -0.0 -0.0 -0.0 -0.0 -0.0 -0.0 -0.1 -0.1 -0.1 -0.1 -0.1 -0.1 -0.1 -0.2 -0.3 -0.4 -0.5 -0.6 -0.9 -1.9
syst_sys16+ -0.0 -0.0 0.0 0.0 0.0 0.1 0.1 0.2 0.2 0.2 0.2 0.3 0.3 0.4 0.5 0.7 0.9 1.2 1.5 1.8 2.2 2.8 6.4
syst_sys16- 0.0 0.0 -0.0 -0.0 -0.0 -0.1 -0.1 -0.1 -0.2 -0.2 -0.3 -0.3 -0.4 -0.4 -0.5 -0.6 -0.9 -1.2 -1.5 -1.8 -2.2 -2.8 -5.3
syst_sys17+ -0.0 -0.0 0.0 0.1 0.2 0.2 0.3 0.3 0.4 0.4 0.4 0.5 0.6 0.7 0.9 1.2 1.5 1.9 2.3 2.7 3.1 3.9 8.6
syst_sys17- 0.0 0.0 -0.0 -0.0 -0.1 -0.2 -0.2 -0.3 -0.3 -0.4 -0.4 -0.5 -0.6 -0.7 -0.9 -1.2 -1.5 -1.9 -2.3 -2.6 -3.1 -3.9 -6.8
syst_sys18+ -0.0 0.0 0.0 0.1 0.2 0.2 0.3 0.3 0.3 0.3 0.3 0.3 0.3 0.3 0.3 0.5 0.7 1.0 1.4 1.7 2.2 3.0 7.7
syst_sys18- 0.0 -0.0 -0.0 -0.1 -0.2 -0.2 -0.2 -0.3 -0.3 -0.3 -0.3 -0.3 -0.3 -0.3 -0.3 -0.4 -0.7 -1.0 -1.4 -1.8 -2.2 -3.0 -6.0
syst_sys19+ -0.0 -0.0 0.0 0.0 0.1 0.2 0.2 0.3 0.3 0.4 0.4 0.4 0.5 0.5 0.6 0.7 0.9 1.2 1.6 1.9 2.3 3.1 7.7
syst_sys19- 0.0 0.0 -0.0 -0.0 -0.1 -0.2 -0.2 -0.3 -0.3 -0.4 -0.4 -0.5 -0.6 -0.6 -0.6 -0.7 -0.9 -1.2 -1.6 -1.9 -2.3 -3.1 -6.0
syst_sys20+ -0.0 -0.0 0.0 0.0 0.0 0.1 0.2 0.3 0.4 0.5 0.6 0.6 0.7 0.7 0.8 1.0 1.4 1.9 2.5 3.1 3.7 5.0 12
syst_sys20- 0.0 0.0 -0.0 -0.0 -0.1 -0.1 -0.2 -0.3 -0.4 -0.5 -0.6 -0.6 -0.7 -0.7 -0.8 -1.0 -1.4 -1.9 -2.5 -3.1 -3.8 -5.1 -9.6
syst_sys21+ -0.0 -0.0 -0.0 0.0 0.0 0.0 0.1 0.1 0.2 0.2 0.2 0.2 0.2 0.3 0.3 0.4 0.6 0.8 1.1 1.5 1.8 2.6 7.0
syst_sys21- 0.0 0.0 0.0 -0.0 -0.0 -0.1 -0.1 -0.1 -0.1 -0.2 -0.2 -0.2 -0.2 -0.3 -0.3 -0.4 -0.6 -0.8 -1.2 -1.5 -1.9 -2.6 -5.6
syst_sys22+ 0.1 0.1 0.0 0.0 0.0 0.0 0.0 0.0 0.0 0.0 0.0 0.0 0.0 0.0 0.0 0.0 0.0 0.0 0.0 0.0 0.0 0.0 0.0
syst_sys22- -0.1 -0.1 -0.0 -0.0 -0.0 -0.0 -0.0 -0.0 -0.0 -0.0 -0.0 -0.0 -0.0 -0.0 -0.0 -0.0 -0.0 -0.0 -0.0 -0.0 -0.0 -0.0 0.0
syst_sys23+ 0.1 0.0 0.0 0.0 0.0 0.0 0.0 0.0 0.0 0.0 0.0 0.0 0.0 0.0 0.0 0.0 0.0 0.0 0.0 0.0 0.0 0.0 0.0
syst_sys23- -0.0 -0.0 -0.0 -0.0 -0.0 -0.0 -0.0 -0.0 -0.0 -0.0 -0.0 -0.0 -0.0 -0.0 -0.0 -0.0 -0.0 -0.0 -0.0 -0.0 -0.0 -0.0 -0.0
syst_sys24+ 0.0 0.0 0.0 0.0 0.0 0.0 0.0 0.0 0.0 0.0 0.0 0.0 0.0 0.0 0.0 0.0 0.0 0.0 0.0 0.0 0.1 0.1 0.5
syst_sys24- -0.0 -0.0 -0.0 -0.0 -0.0 -0.0 -0.0 -0.0 -0.0 -0.0 -0.0 -0.0 -0.0 -0.0 -0.0 -0.0 -0.0 -0.1 -0.1 -0.1 -0.1 -0.1 -0.3
syst_sys25+ 0.1 0.0 0.0 0.0 0.0 0.0 0.0 0.0 0.0 0.0 0.0 0.0 0.0 0.0 0.0 0.0 0.0 0.0 0.0 0.0 0.0 0.0 0.0
syst_sys25- -0.1 -0.0 -0.0 -0.0 -0.0 -0.0 -0.0 -0.0 -0.0 -0.0 -0.0 -0.0 -0.0 -0.0 -0.0 -0.0 -0.0 -0.0 -0.0 -0.0 -0.0 -0.0 -0.0
syst_sys26+ 0.1 0.1 0.0 0.0 0.0 0.0 0.0 0.0 0.0 0.0 0.0 0.0 0.0 0.0 0.0 0.0 0.0 0.0 0.0 0.0 0.0 0.0 0.0
syst_sys26- -0.1 -0.1 -0.0 -0.0 -0.0 -0.0 -0.0 -0.0 -0.0 -0.0 -0.0 -0.0 -0.0 -0.0 -0.0 -0.0 -0.0 -0.0 -0.0 -0.0 -0.0 -0.0 -0.0
syst_sys27+ 0.1 0.1 0.1 0.1 0.1 0.0 0.0 0.0 0.0 0.0 0.0 0.0 0.0 0.0 0.0 0.0 0.0 0.0 0.0 0.0 0.0 0.0 0.0
syst_sys27- -0.2 -0.1 -0.1 -0.1 -0.1 -0.1 -0.0 -0.0 -0.0 -0.0 -0.0 -0.0 -0.0 -0.0 -0.0 -0.0 -0.0 -0.0 -0.0 -0.0 -0.0 -0.0 -0.0
syst_sys28+ 0.4 0.3 0.2 0.1 0.1 0.1 0.1 0.0 0.0 0.0 0.0 0.0 0.0 0.0 0.0 0.0 0.0 0.0 0.0 0.0 0.0 0.0 0.0
syst_sys28- -0.4 -0.3 -0.2 -0.1 -0.1 -0.1 -0.1 -0.0 -0.0 -0.0 -0.0 -0.0 -0.0 -0.0 -0.0 -0.0 -0.0 -0.0 -0.0 -0.0 -0.0 -0.0 -0.1
syst_sys29+ 0.4 0.4 0.4 0.3 0.3 0.2 0.1 0.1 0.1 0.1 0.1 0.1 0.1 0.1 0.0 0.0 0.0 0.0 0.0 0.0 0.1 0.0 0.0
syst_sys29- -0.5 -0.5 -0.4 -0.3 -0.2 -0.2 -0.1 -0.1 -0.1 -0.1 -0.1 -0.1 -0.0 -0.0 -0.0 -0.0 -0.0 -0.0 -0.1 -0.1 -0.1 -0.1 -0.1
syst_sys30+ 0.5 0.5 0.5 0.5 0.4 0.4 0.3 0.2 0.2 0.2 0.1 0.1 0.1 0.1 0.1 0.1 0.1 0.1 0.1 0.1 0.1 0.1 0.3
syst_sys30- -0.2 -0.3 -0.4 -0.4 -0.4 -0.3 -0.3 -0.2 -0.2 -0.1 -0.1 -0.1 -0.1 -0.1 -0.1 -0.1 -0.1 -0.1 -0.1 -0.1 -0.1 -0.1 -0.2
syst_sys31+ 0.0 0.1 0.1 0.2 0.4 0.5 0.4 0.3 0.2 0.2 0.1 0.1 0.1 0.1 0.1 0.1 0.0 0.0 0.0 0.0 0.0 0.0 0.0
syst_sys31- -0.0 -0.1 -0.2 -0.4 -0.5 -0.5 -0.4 -0.3 -0.2 -0.2 -0.1 -0.1 -0.1 -0.1 -0.1 -0.1 -0.1 -0.0 -0.0 -0.0 -0.0 -0.0 -0.0
syst_sys32+ -0.0 -0.0 -0.0 0.0 0.1 0.2 0.3 0.4 0.4 0.3 0.3 0.3 0.2 0.2 0.2 0.2 0.2 0.2 0.2 0.2 0.2 0.2 0.4
syst_sys32- 0.0 0.0 0.1 -0.0 -0.1 -0.2 -0.3 -0.3 -0.4 -0.4 -0.4 -0.3 -0.2 -0.2 -0.2 -0.2 -0.2 -0.2 -0.2 -0.2 -0.2 -0.2 -0.2
syst_sys33+ 0.0 0.0 0.0 0.0 0.0 0.0 0.0 0.0 0.0 0.0 0.0 0.0 0.0 0.0 0.0 0.0 0.0 0.0 0.0 0.1 0.1 0.1 0.2
syst_sys33- -0.0 -0.0 -0.0 -0.0 -0.0 -0.0 -0.0 -0.0 -0.0 -0.0 -0.0 -0.0 -0.0 -0.0 -0.0 -0.0 -0.0 -0.0 -0.0 -0.1 -0.1 -0.1 -0.1
syst_sys34+ 0.0 0.0 0.0 0.0 0.0 0.0 0.0 0.0 0.0 0.0 0.0 0.0 0.0 0.0 0.0 0.0 0.0 0.0 0.0 0.0 0.0 0.0 0.0
syst_sys34- -0.0 -0.0 -0.0 -0.0 -0.0 -0.0 -0.0 -0.0 -0.0 -0.0 -0.0 -0.0 -0.0 -0.0 -0.0 -0.0 -0.0 -0.0 -0.0 -0.0 -0.0 -0.0 -0.0
syst_sys35+ 0.1 0.1 0.0 0.0 0.0 0.0 0.0 0.0 0.0 0.0 0.0 0.0 0.0 0.0 0.0 0.0 0.0 0.0 0.0 0.0 0.0 0.0 0.0
syst_sys35- -0.1 -0.0 -0.0 -0.0 -0.0 -0.0 -0.0 -0.0 -0.0 -0.0 -0.0 -0.0 -0.0 -0.0 -0.0 -0.0 -0.0 -0.0 -0.0 -0.0 -0.0 -0.0 -0.0
syst_sys36+ 0.1 0.1 0.1 0.0 0.0 0.0 0.0 0.0 0.0 0.0 0.0 0.0 0.0 0.0 0.0 0.0 0.0 0.0 0.0 0.0 0.0 0.0 0.0
syst_sys36- -0.1 -0.0 -0.0 -0.0 -0.0 -0.0 -0.0 -0.0 -0.0 -0.0 -0.0 -0.0 -0.0 -0.0 -0.0 -0.0 -0.0 -0.0 -0.0 -0.0 -0.0 -0.0 0.0
syst_sys37+ 0.0 0.1 0.1 0.1 0.1 0.1 0.1 0.0 0.0 0.0 0.0 0.0 0.0 0.0 0.0 0.0 0.0 0.0 0.0 0.0 0.0 0.0 0.0
syst_sys37- -0.0 -0.1 -0.1 -0.1 -0.1 -0.1 -0.1 -0.0 -0.0 -0.0 -0.0 -0.0 -0.0 -0.0 -0.0 -0.0 -0.0 -0.0 -0.0 -0.0 -0.0 -0.0 -0.1
syst_sys38+ -0.0 0.0 0.1 0.1 0.1 0.1 0.1 0.1 0.1 0.0 0.0 0.0 0.0 0.0 0.0 0.0 0.0 0.0 0.0 0.0 0.0 0.0 0.0
syst_sys38- 0.0 -0.0 -0.0 -0.1 -0.1 -0.1 -0.1 -0.1 -0.1 -0.1 -0.1 -0.1 -0.0 -0.0 -0.0 -0.0 -0.0 -0.0 -0.0 -0.0 -0.0 -0.0 -0.0
syst_sys39+ -0.0 0.0 0.0 0.0 0.0 0.1 0.1 0.1 0.1 0.1 0.1 0.1 0.1 0.1 0.1 0.1 0.1 0.1 0.1 0.1 0.1 0.0 0.0
syst_sys39- 0.0 -0.0 -0.0 -0.0 -0.1 -0.1 -0.1 -0.1 -0.1 -0.1 -0.1 -0.1 -0.1 -0.1 -0.1 -0.1 -0.1 -0.1 -0.1 -0.1 -0.1 -0.0 -0.0
syst_sys40+ -0.0 -0.0 -0.0 -0.0 0.0 0.0 0.1 0.1 0.2 0.2 0.2 0.2 0.1 0.1 0.1 0.1 0.1 0.1 0.1 0.1 0.1 0.1 0.1
syst_sys40- 0.0 0.0 0.0 0.0 -0.0 -0.1 -0.1 -0.1 -0.2 -0.2 -0.2 -0.2 -0.2 -0.1 -0.1 -0.1 -0.1 -0.1 -0.1 -0.1 -0.1 -0.1 -0.1
syst_sys41+ 0.0 0.0 -0.0 -0.0 -0.0 -0.0 -0.0 0.0 0.1 0.2 0.2 0.2 0.2 0.2 0.2 0.2 0.2 0.2 0.3 0.3 0.3 0.4 1.1
syst_sys41- -0.0 -0.0 0.0 0.0 0.0 0.0 0.0 -0.0 -0.1 -0.2 -0.2 -0.3 -0.3 -0.3 -0.2 -0.2 -0.2 -0.3 -0.3 -0.3 -0.3 -0.4 -0.8
syst_sys42+ 0.0 0.0 0.0 -0.0 -0.0 -0.0 -0.0 -0.0 -0.0 0.0 0.1 0.2 0.3 0.4 0.5 0.5 0.6 0.6 0.7 0.7 0.8 0.9 2.2
syst_sys42- -0.0 -0.0 -0.0 0.0 0.0 0.0 0.0 0.0 0.0 -0.1 -0.2 -0.3 -0.4 -0.5 -0.5 -0.5 -0.6 -0.6 -0.7 -0.7 -0.8 -1.0 -1.4
syst_sys43+ 0.0 0.0 0.0 0.0 0.0 0.0 -0.0 -0.0 -0.0 -0.0 0.0 0.0 0.1 0.2 0.4 0.5 0.6 0.7 0.7 0.6 0.6 0.6 1.7
syst_sys43- -0.0 -0.0 -0.0 -0.0 -0.0 -0.0 0.0 0.0 0.0 0.0 -0.0 -0.0 -0.1 -0.3 -0.4 -0.6 -0.7 -0.7 -0.7 -0.6 -0.6 -0.6 -1.2
syst_sys44+ 0.0 0.0 0.0 0.0 0.0 0.0 0.0 0.0 -0.0 -0.0 -0.0 -0.0 -0.0 -0.0 0.1 0.3 0.6 0.9 1.2 1.4 1.6 1.9 3.6
syst_sys44- -0.0 -0.0 -0.0 -0.0 -0.0 -0.0 -0.0 -0.0 0.0 0.0 0.0 0.0 0.0 0.0 -0.0 -0.3 -0.6 -0.9 -1.2 -1.5 -1.7 -2.0 -2.5
syst_sys45+ 0.0 0.0 0.0 0.0 0.0 0.0 0.0 0.0 0.0 0.0 0.0 0.0 0.0 0.0 0.0 0.0 0.0 0.0 0.0 0.0 0.0 0.0 0.0
syst_sys45- -0.0 -0.0 -0.0 -0.0 -0.0 -0.1 -0.1 -0.0 -0.0 -0.0 -0.0 -0.0 -0.0 -0.0 -0.0 -0.0 -0.0 -0.0 -0.0 -0.0 -0.0 -0.0 0.0
syst_sys46+ -0.0 -0.0 -0.0 -0.0 -0.0 -0.0 0.0 0.0 0.0 0.0 0.0 0.0 0.0 0.0 0.0 0.0 0.0 0.0 0.0 0.0 0.0 0.0 0.0
syst_sys46- 0.0 0.0 0.0 0.0 0.0 0.0 -0.0 -0.0 -0.0 -0.0 -0.0 -0.0 -0.0 -0.0 -0.0 -0.0 -0.0 -0.0 -0.0 -0.0 -0.0 -0.0 0.0
syst_sys47+ 0.0 0.0 0.0 0.0 0.0 0.0 0.0 0.0 0.0 0.0 0.0 0.0 0.0 0.0 0.0 0.0 0.0 0.0 0.0 0.0 0.0 0.0 0.0
syst_sys47- -0.0 -0.0 -0.0 -0.0 -0.0 -0.0 -0.0 -0.0 -0.0 -0.0 -0.1 -0.1 -0.0 -0.0 -0.0 -0.0 -0.0 -0.0 -0.0 -0.0 -0.0 -0.0 -0.0
syst_sys48+ -0.0 -0.0 -0.0 -0.0 -0.0 -0.0 -0.0 -0.0 -0.0 0.0 0.0 0.0 0.0 0.1 0.1 0.1 0.0 0.0 0.0 0.0 0.0 0.0 0.0
syst_sys48- 0.0 0.0 0.0 0.0 0.0 0.0 0.0 0.0 0.0 -0.0 -0.0 -0.0 -0.1 -0.1 -0.1 -0.1 -0.1 -0.1 -0.1 -0.0 -0.0 -0.0 -0.0
syst_sys49+ -0.0 -0.0 -0.0 -0.0 -0.0 -0.0 -0.0 -0.0 -0.0 -0.0 0.0 0.0 0.0 0.0 0.0 0.0 0.0 0.0 0.0 0.0 0.0 0.0 0.0
syst_sys49- 0.0 0.0 0.0 0.0 0.0 0.0 0.0 0.0 0.0 0.0 -0.0 -0.0 -0.0 -0.0 -0.0 -0.0 -0.0 -0.0 -0.0 -0.0 -0.0 -0.0 -0.0
syst_sys50+ -0.0 -0.0 -0.0 -0.0 -0.0 -0.0 -0.0 -0.0 -0.0 -0.0 -0.0 -0.0 -0.0 0.0 0.0 0.0 0.1 0.1 0.1 0.2 0.2 0.2 0.3
syst_sys50- 0.0 0.0 0.0 0.0 0.0 0.0 0.0 0.0 0.0 0.0 0.0 0.0 0.0 -0.0 -0.0 -0.0 -0.1 -0.1 -0.1 -0.2 -0.2 -0.2 -0.1
syst_sys51+ 0.0 0.0 0.0 0.0 0.0 0.0 0.0 0.0 0.0 0.0 0.0 0.0 0.0 0.0 0.0 0.0 0.1 0.1 0.2 0.3 0.4 0.6 1.8
syst_sys51- -0.0 -0.0 -0.0 -0.0 -0.0 -0.0 -0.0 -0.0 -0.0 -0.0 -0.0 -0.0 -0.0 -0.0 -0.0 -0.0 -0.1 -0.1 -0.2 -0.3 -0.4 -0.7 -1.4
syst_sys52+ 0.0 0.0 0.0 0.0 0.0 0.0 0.0 0.0 0.0 0.0 0.0 0.0 0.0 -0.0 -0.0 -0.0 -0.0 0.0 0.0 0.1 0.2 0.4 1.9
syst_sys52- -0.0 -0.0 -0.0 -0.0 -0.0 -0.0 -0.0 -0.0 -0.0 -0.0 -0.0 -0.0 -0.0 0.0 0.0 0.0 0.0 -0.0 -0.0 -0.1 -0.2 -0.4 -1.5
syst_sys53+ 0.0 0.0 0.0 0.0 0.0 0.0 0.0 0.0 0.0 0.0 0.0 0.0 0.0 0.0 0.0 0.0 0.0 0.0 0.0 0.0 0.1 0.1 0.8
syst_sys53- -0.0 -0.0 -0.0 -0.0 -0.0 -0.0 -0.0 -0.0 -0.0 -0.0 -0.0 -0.0 -0.0 -0.0 -0.0 -0.0 -0.0 -0.0 -0.0 -0.0 -0.1 -0.1 -0.3
syst_sys54+ 0.0 0.0 0.0 0.0 0.0 0.0 0.0 0.0 0.0 0.0 0.0 0.0 0.0 0.0 0.0 0.0 0.0 0.0 0.0 0.0 0.0 0.0 0.0
syst_sys54- 0.0 0.0 0.0 0.0 0.0 0.0 0.0 0.0 0.0 0.0 0.0 0.0 0.0 0.0 0.0 0.0 0.0 0.0 0.0 0.0 0.0 0.0 0.0
syst_sys55+ 0.7 0.6 0.5 0.5 0.5 0.5 0.4 0.4 0.4 0.4 0.4 0.4 0.4 0.4 0.5 0.5 0.6 0.7 0.8 0.9 0.9 1.3 3.5
syst_sys55- -0.5 -0.5 -0.5 -0.4 -0.5 -0.5 -0.4 -0.4 -0.4 -0.4 -0.4 -0.4 -0.4 -0.5 -0.5 -0.4 -0.6 -0.9 -0.8 -0.8 -0.8 -1.6 -2.8
syst_sys56+ 9.8 10 10 11 11 11 11 11 11 11 10 10 10 10 9.8 9.6 9.4 9.3 9.2 9.1 9.1 9.3 13
syst_sys56- -8.4 -8.6 -9.1 -9.5 -9.8 -10 -10 -10 -9.8 -9.7 -9.6 -9.5 -9.4 -9.3 -9.0 -8.7 -8.5 -8.3 -8.3 -8.3 -8.4 -8.9 -12
syst_sys57+ 0.0 0.0 0.0 0.0 0.0 0.0 0.0 0.0 0.0 0.0 0.0 0.0 0.0 0.0 0.0 0.0 0.0 0.0 0.0 0.0 0.0 0.0 0.0
syst_sys57- 0.0 0.0 0.0 0.0 0.0 0.0 0.0 0.0 0.0 0.0 0.0 0.0 0.0 0.0 0.0 0.0 0.0 0.0 0.0 0.0 0.0 0.0 0.0
syst_sys58+ -2.6 -2.4 -2.1 -1.9 -1.7 -1.4 -1.2 -1.0 -0.9 -0.7 -0.6 -0.5 -0.4 -0.4 -0.3 0.1 0.7 1.2 1.1 0.7 0.2 -0.3 3.8
syst_sys58- 3.0 2.8 2.3 2.0 1.7 1.5 1.2 1.0 0.9 0.8 0.6 0.5 0.4 0.4 0.3 -0.1 -0.8 -1.2 -1.1 -0.7 -0.2 0.3 -3.0
syst_sys59+ -0.4 -0.3 -0.4 -0.4 -0.3 -0.3 -0.3 -0.3 -0.3 -0.3 -0.3 -0.3 -0.3 -0.3 -0.2 -0.1 -0.1 -0.0 -0.0 -0.0 -0.0 -0.0 -0.0
syst_sys59- 0.5 0.4 0.4 0.4 0.4 0.3 0.3 0.3 0.3 0.3 0.3 0.3 0.3 0.3 0.2 0.1 0.1 0.0 0.0 0.0 0.0 0.0 0.0
syst_sys60+ -1.2 -1.0 -1.0 -1.0 -1.0 -0.8 -0.7 -0.7 -0.7 -0.7 -0.9 -1.0 -1.0 -0.8 -0.5 -0.2 0.0 0.1 0.1 0.2 0.2 0.1 0.1
syst_sys60- 1.6 1.4 1.2 1.1 1.1 0.9 0.8 0.8 0.8 0.8 0.8 0.9 0.9 0.7 0.5 0.2 -0.0 -0.1 -0.1 -0.1 -0.1 -0.1 -0.1
syst_sys61+ 1.0 0.9 0.8 0.7 0.8 0.9 1.0 1.2 1.3 1.3 1.3 1.2 1.0 0.7 0.4 0.2 0.1 0.0 -0.0 -0.0 -0.0 -0.0 -0.0
syst_sys61- -0.8 -0.7 -0.7 -0.7 -0.8 -0.9 -1.0 -1.1 -1.2 -1.2 -1.2 -1.0 -0.8 -0.6 -0.4 -0.2 -0.1 -0.0 0.0 0.0 0.0 0.0 0.0
syst_sys62+ 0.6 0.5 0.4 0.3 0.3 0.3 0.3 0.3 0.3 0.3 0.3 0.3 0.3 0.3 0.4 0.4 0.4 0.4 0.4 0.4 0.4 0.4 0.5
syst_sys62- -0.4 -0.4 -0.3 -0.3 -0.3 -0.3 -0.3 -0.3 -0.3 -0.3 -0.3 -0.4 -0.3 -0.3 -0.4 -0.4 -0.4 -0.4 -0.4 -0.4 -0.4 -0.4 -0.2
syst_sys63+ 6.0 5.9 5.5 5.0 4.4 3.8 3.4 3.1 2.9 2.7 2.5 2.4 2.3 2.2 2.0 1.9 1.8 1.7 1.6 1.4 1.3 1.0 1.3
syst_sys63- -5.2 -5.1 -4.8 -4.5 -4.1 -3.6 -3.2 -3.0 -2.8 -2.7 -2.5 -2.4 -2.2 -2.1 -2.0 -1.9 -1.8 -1.7 -1.5 -1.4 -1.2 -1.0 -0.8
syst_sys64+ 3.5 3.0 2.6 2.3 2.1 1.8 1.7 1.7 1.6 1.6 1.6 1.7 1.7 1.7 1.8 2.0 2.3 2.5 2.8 3.0 3.2 3.4 8.0
syst_sys64- -3.5 -3.0 -2.6 -2.3 -2.1 -1.8 -1.7 -1.7 -1.6 -1.6 -1.6 -1.7 -1.7 -1.7 -1.8 -2.0 -2.3 -2.5 -2.8 -3.0 -3.2 -3.4 -8.0
syst_sys65+ 0.5 0.4 0.3 0.3 0.3 0.3 0.2 0.2 0.2 0.2 0.2 0.3 0.3 0.3 0.3 0.3 0.3 0.3 0.3 0.3 0.3 0.3 0.3
syst_sys65- -0.5 -0.4 -0.3 -0.3 -0.3 -0.3 -0.2 -0.2 -0.2 -0.2 -0.2 -0.3 -0.3 -0.3 -0.3 -0.3 -0.3 -0.3 -0.3 -0.3 -0.3 -0.3 -0.3
syst_sys66+ 0.1 0.1 0.0 0.0 0.0 0.0 0.0 0.0 0.0 0.0 0.0 0.0 0.0 0.0 0.0 0.0 0.1 0.0 0.0 0.1 0.2 0.0 9.2
syst_sys66- -0.1 -0.1 -0.0 -0.0 -0.0 -0.0 -0.0 -0.0 -0.0 -0.0 -0.0 -0.0 -0.0 -0.0 -0.0 -0.0 -0.1 -0.0 -0.0 -0.1 -0.2 -0.0 -9.2
syst_sys67+ 0.5 0.5 0.5 0.5 0.5 0.5 0.5 0.5 0.5 0.5 0.5 0.5 0.5 0.5 0.5 0.5 0.5 0.5 0.5 0.5 0.5 0.5 0.5
syst_sys67- -0.5 -0.5 -0.5 -0.5 -0.5 -0.5 -0.5 -0.5 -0.5 -0.5 -0.5 -0.5 -0.5 -0.5 -0.5 -0.5 -0.5 -0.5 -0.5 -0.5 -0.5 -0.5 -0.5
syst_sys68+ 1.8 1.8 1.8 1.8 1.8 1.8 1.8 1.8 1.8 1.8 1.8 1.8 1.8 1.8 1.8 1.8 1.8 1.8 1.8 1.8 1.8 1.8 1.8
syst_sys68- -1.8 -1.8 -1.8 -1.8 -1.8 -1.8 -1.8 -1.8 -1.8 -1.8 -1.8 -1.8 -1.8 -1.8 -1.8 -1.8 -1.8 -1.8 -1.8 -1.8 -1.8 -1.8 -1.8
syst_sys69+ 0.0 0.0 0.0 0.0 0.0 0.0 0.0 0.0 0.0 0.0 0.0 0.0 0.0 0.0 0.0 0.0 0.0 0.0 0.0 0.0 0.0 0.0 0.0
syst_sys69- -0.0 -0.0 -0.0 -0.0 -0.0 -0.0 -0.0 -0.0 -0.0 -0.0 -0.0 -0.0 -0.0 -0.0 -0.0 -0.0 -0.0 -0.0 -0.0 -0.0 -0.0 -0.0 -0.0
;mean xmin xmax cross staterr   +syst    -syst 
108.0 100 116 2.54e+03 0.74 13.35 11.87
125.0 116 134 1.16e+03 1.0 13.20 11.71
143.0 134 152 5.52e+02 1.3 12.85 11.78
162.0 152 172 2.75e+02 0.96 13.40 11.94
183.0 172 194 1.37e+02 0.76 13.20 12.07
205.0 194 216 6.81e+01 1.1 12.96 11.98
228.0 216 240 3.56e+01 0.77 12.81 11.84
252.0 240 264 1.90e+01 0.99 12.79 11.83
277.0 264 290 1.01e+01 1.3 12.76 11.67
304.0 290 318 5.30e+00 1.8 12.73 11.58
332.0 318 346 2.91e+00 1.8 11.87 11.54
361.0 346 376 1.63e+00 0.96 11.75 11.33
392.0 376 408 8.63e-01 0.56 11.87 11.37
425.0 408 442 4.52e-01 0.67 11.93 11.48
460.0 442 478 2.32e-01 0.73 11.89 11.29
497.0 478 516 1.16e-01 0.67 12.19 11.22
536.0 516 556 5.80e-02 0.89 12.56 11.64
577.0 556 598 2.68e-02 1.2 13.29 12.40
620.0 598 642 1.24e-02 1.8 14.40 13.27
665.0 642 688 5.53e-03 2.6 14.88 14.03
712.0 688 736 2.34e-03 3.8 15.89 14.97
815.0 736 894 4.50e-04 5.7 18.43 18.31
1443.0 894 1992 2.80e-06 28 33.59 29.47
