;Statistical covariance matrix for measured double-differential inclusive-jet cross sections for the range 0.5 <= |y| < 1.0 and jet radius parameter R = 0.6
;ABS(YRAP(JET)) : < 3.0
;PT(JET) IN GEV : > 100
;R : 0.6
;RE : P P --> JET X
;SQRT(S) : 7000.0 GeV
;ABS(YRAP) : 0.5 - 1.0
;x: PT(JET) IN GEV
;y: PT(JET) IN GEV
;z: cov(x,y) IN PB**+2*GEV**-2
;xlow-xhigh
is_covariance_matrix
is_statisticserror
;
2.27497e+03 1.62413e+02 3.35091e+01 1.02057e+01 1.41532e+00 8.76119e-01 3.23129e-01 1.11379e-01 1.16546e-01 1.16371e-01 1.52888e-02 3.94890e-02 5.38826e-03 3.42290e-03 1.75070e-03 7.65166e-04 1.54709e-03 3.97683e-04 2.88958e-04 4.81856e-05 4.13189e-05 1.95466e-04 1.84321e-05 1.36350e-04 2.79806e-05 2.30356e-05 2.40029e-05 6.92472e-06 1.74643e-06
1.62413e+02 4.39812e+02 6.36052e+01 5.08570e+00 2.14044e+00 3.51313e-01 4.13706e-02 2.48168e-02 8.39972e-03 2.03509e-02 8.89102e-03 3.20617e-03 5.76278e-03 9.64027e-04 1.51154e-03 1.71621e-04 4.60936e-05 4.11368e-04 2.22891e-04 1.07552e-05 4.75273e-05 6.05184e-05 2.70164e-05 2.27614e-05 1.33148e-05 4.38515e-05 9.48976e-06 7.48016e-07 8.59875e-07
3.35091e+01 6.36052e+01 1.08295e+02 1.26942e+01 2.46471e+00 6.28556e-01 1.63440e-02 5.00590e-02 3.23161e-02 1.27299e-02 1.59470e-02 5.19535e-03 1.30155e-03 2.58335e-03 1.22298e-03 3.65334e-04 8.62636e-05 3.11083e-05 8.84516e-05 5.75947e-05 1.33456e-04 1.61659e-05 9.65048e-06 2.27702e-06 5.88989e-06 3.30843e-06 8.57415e-06 1.12225e-07 7.27472e-08
1.02057e+01 5.08570e+00 1.26942e+01 1.68646e+01 8.73887e-01 4.92991e-01 1.14212e-01 3.73690e-02 1.58244e-03 3.44666e-04 5.28533e-03 1.59276e-03 1.44060e-04 1.36402e-03 4.09385e-04 1.15547e-04 7.61342e-05 1.21382e-04 9.21569e-05 4.34025e-06 3.59134e-05 5.74422e-06 6.16644e-06 6.75934e-07 3.03423e-06 2.50909e-06 1.15394e-06 8.88976e-07 2.47040e-07
1.41532e+00 2.14044e+00 2.46471e+00 8.73887e-01 3.28230e+00 4.91681e-01 5.44655e-02 3.98238e-02 1.54332e-04 1.13601e-03 1.00593e-03 9.43046e-04 2.62382e-04 4.01111e-05 5.66567e-05 7.52678e-05 2.52918e-06 2.63553e-05 3.03397e-05 1.06794e-05 1.44552e-07 5.31861e-06 9.85443e-07 2.83382e-06 6.28563e-07 3.82475e-06 8.80217e-07 5.18379e-07 5.16543e-08
8.76119e-01 3.51313e-01 6.28556e-01 4.92991e-01 4.91681e-01 1.25424e+00 1.05871e-01 3.68088e-02 8.96353e-03 1.55894e-03 4.22084e-04 4.55403e-04 3.24606e-04 1.77860e-04 3.85333e-05 2.84192e-05 1.25604e-05 2.87370e-05 3.80111e-06 1.54147e-06 8.64727e-07 1.17235e-06 1.59101e-06 1.90059e-06 2.20554e-06 2.06885e-07 5.02275e-08 2.86010e-07 5.18605e-08
3.23129e-01 4.13706e-02 1.63440e-02 1.14212e-01 5.44655e-02 1.05871e-01 2.35089e-01 3.82105e-02 5.56416e-03 1.94566e-03 6.32909e-04 5.02268e-05 6.06778e-05 4.88059e-05 5.28622e-06 6.52555e-06 6.21084e-06 1.71085e-07 6.02066e-06 1.04241e-06 1.34703e-06 1.52296e-06 1.48038e-08 8.43215e-07 1.92202e-06 2.68948e-10 2.09418e-07 8.33406e-08 2.52349e-08
1.11379e-01 2.48168e-02 5.00590e-02 3.73690e-02 3.98238e-02 3.68088e-02 3.82105e-02 1.05866e-01 2.25420e-02 3.02742e-03 1.34593e-03 1.25235e-04 6.57726e-05 9.29795e-06 1.45239e-05 6.56597e-06 1.79897e-06 5.61024e-06 3.94485e-06 2.77472e-06 2.34775e-06 6.82380e-07 3.79780e-07 1.21812e-07 6.39014e-08 8.08138e-08 2.19225e-07 1.73515e-08 1.15177e-09
1.16546e-01 8.39972e-03 3.23161e-02 1.58244e-03 1.54332e-04 8.96353e-03 5.56416e-03 2.25420e-02 5.44015e-02 1.26269e-02 9.46881e-04 7.05804e-04 7.99392e-05 6.02744e-06 3.41395e-08 1.93434e-06 2.67746e-09 1.64111e-06 5.40608e-07 1.37948e-08 1.10129e-07 8.06185e-07 4.25173e-07 6.18123e-07 4.37836e-07 8.22796e-08 8.35550e-08 1.87749e-08 8.20494e-09
1.16371e-01 2.03509e-02 1.27299e-02 3.44666e-04 1.13601e-03 1.55894e-03 1.94566e-03 3.02742e-03 1.26269e-02 2.79826e-02 4.48318e-03 9.18755e-04 2.61614e-04 1.96047e-05 1.04109e-05 6.69351e-06 5.98385e-07 1.92741e-06 4.44484e-07 1.87414e-06 9.87909e-08 7.27535e-07 1.57324e-07 4.40711e-07 5.97026e-07 2.35386e-07 7.03334e-08 8.23698e-08 1.78073e-10
1.52888e-02 8.89102e-03 1.59470e-02 5.28533e-03 1.00593e-03 4.22084e-04 6.32909e-04 1.34593e-03 9.46881e-04 4.48318e-03 9.09799e-03 3.86680e-04 2.96999e-04 7.06599e-05 1.02083e-05 3.60475e-06 6.36509e-07 1.42840e-06 4.10157e-08 4.28912e-07 1.24194e-07 9.23627e-08 8.39940e-09 2.87072e-07 2.42226e-07 5.04325e-08 1.88254e-08 5.20938e-08 8.64818e-10
3.94890e-02 3.20617e-03 5.19535e-03 1.59276e-03 9.43046e-04 4.55403e-04 5.02268e-05 1.25235e-04 7.05804e-04 9.18755e-04 3.86680e-04 1.84412e-03 2.52040e-06 5.69732e-05 1.00119e-05 5.89693e-07 6.23720e-07 8.21705e-07 1.41321e-07 1.11788e-07 6.47352e-09 4.08862e-08 1.73628e-07 3.30624e-08 3.43307e-08 1.34789e-08 1.94690e-08 1.72800e-08 3.80492e-10
5.38826e-03 5.76278e-03 1.30155e-03 1.44060e-04 2.62382e-04 3.24606e-04 6.06778e-05 6.57726e-05 7.99392e-05 2.61614e-04 2.96999e-04 2.52040e-06 3.14796e-04 1.10136e-05 1.06235e-05 1.96358e-06 4.61939e-07 1.19367e-07 2.10542e-07 3.27820e-08 2.75437e-08 3.28413e-08 3.09733e-08 1.09283e-07 3.93692e-08 1.50808e-08 2.60433e-09 1.59131e-09 4.08678e-10
3.42290e-03 9.64027e-04 2.58335e-03 1.36402e-03 4.01111e-05 1.77860e-04 4.88059e-05 9.29795e-06 6.02744e-06 1.96047e-05 7.06599e-05 5.69732e-05 1.10136e-05 1.13633e-04 2.10381e-06 2.28588e-06 8.30032e-07 7.64569e-08 1.00061e-07 3.43930e-08 6.55128e-08 1.14287e-09 3.55537e-08 7.39903e-09 2.27404e-09 7.47636e-09 4.30502e-09 1.03122e-09 5.55626e-10
1.75070e-03 1.51154e-03 1.22298e-03 4.09385e-04 5.66567e-05 3.85333e-05 5.28622e-06 1.45239e-05 3.41395e-08 1.04109e-05 1.02083e-05 1.00119e-05 1.06235e-05 2.10381e-06 3.19724e-05 1.83322e-06 1.06719e-06 2.25830e-07 1.23127e-09 3.63513e-08 1.74687e-08 4.95116e-09 3.58062e-09 1.46959e-09 4.97313e-10 2.47097e-09 1.54999e-09 3.33083e-10 3.25186e-10
7.65166e-04 1.71621e-04 3.65334e-04 1.15547e-04 7.52678e-05 2.84192e-05 6.52555e-06 6.56597e-06 1.93434e-06 6.69351e-06 3.60475e-06 5.89693e-07 1.96358e-06 2.28588e-06 1.83322e-06 6.55842e-06 4.51555e-07 1.80229e-07 6.30876e-08 3.08512e-08 3.37676e-09 7.40640e-09 5.99718e-09 3.98002e-09 1.98675e-09 2.27675e-09 1.55396e-10 6.05540e-10 1.77143e-11
1.54709e-03 4.60936e-05 8.62636e-05 7.61342e-05 2.52918e-06 1.25604e-05 6.21084e-06 1.79897e-06 2.67746e-09 5.98385e-07 6.36509e-07 6.23720e-07 4.61939e-07 8.30032e-07 1.06719e-06 4.51555e-07 2.97674e-06 4.22763e-07 6.72780e-08 1.82491e-08 1.15681e-08 6.39247e-09 1.76797e-09 1.15615e-09 8.50244e-10 2.49384e-09 2.23187e-10 7.98189e-11 4.33879e-11
3.97683e-04 4.11368e-04 3.11083e-05 1.21382e-04 2.63553e-05 2.87370e-05 1.71085e-07 5.61024e-06 1.64111e-06 1.92741e-06 1.42840e-06 8.21705e-07 1.19367e-07 7.64569e-08 2.25830e-07 1.80229e-07 4.22763e-07 1.38885e-06 2.78951e-07 1.65998e-08 7.29243e-09 3.08298e-09 1.64824e-09 1.01905e-09 1.47879e-09 9.61635e-10 3.58816e-10 1.39989e-10 1.95338e-11
2.88958e-04 2.22891e-04 8.84516e-05 9.21569e-05 3.03397e-05 3.80111e-06 6.02066e-06 3.94485e-06 5.40608e-07 4.44484e-07 4.10157e-08 1.41321e-07 2.10542e-07 1.00061e-07 1.23127e-09 6.30876e-08 6.72780e-08 2.78951e-07 6.70910e-07 1.62379e-07 6.65290e-09 8.29846e-09 2.28352e-09 1.31433e-09 8.83219e-10 7.71391e-11 1.39242e-10 6.79673e-11 3.50105e-12
4.81856e-05 1.07552e-05 5.75947e-05 4.34025e-06 1.06794e-05 1.54147e-06 1.04241e-06 2.77472e-06 1.37948e-08 1.87414e-06 4.28912e-07 1.11788e-07 3.27820e-08 3.43930e-08 3.63513e-08 3.08512e-08 1.82491e-08 1.65998e-08 1.62379e-07 3.78723e-07 9.88532e-08 4.68452e-09 3.52835e-09 8.00149e-10 7.27410e-10 3.55004e-10 7.16004e-10 1.21864e-12 2.27503e-11
4.13189e-05 4.75273e-05 1.33456e-04 3.59134e-05 1.44552e-07 8.64727e-07 1.34703e-06 2.34775e-06 1.10129e-07 9.87909e-08 1.24194e-07 6.47352e-09 2.75437e-08 6.55128e-08 1.74687e-08 3.37676e-09 1.15681e-08 7.29243e-09 6.65290e-09 9.88532e-08 2.11159e-07 5.40867e-08 2.69991e-09 2.81803e-09 8.86966e-10 8.24139e-11 3.00565e-11 2.57262e-11 4.82646e-12
1.95466e-04 6.05184e-05 1.61659e-05 5.74422e-06 5.31861e-06 1.17235e-06 1.52296e-06 6.82380e-07 8.06185e-07 7.27535e-07 9.23627e-08 4.08862e-08 3.28413e-08 1.14287e-09 4.95116e-09 7.40640e-09 6.39247e-09 3.08298e-09 8.29846e-09 4.68452e-09 5.40867e-08 1.18733e-07 3.26113e-08 1.41826e-09 2.22084e-09 8.01586e-10 9.83047e-11 2.53151e-11 1.22305e-11
1.84321e-05 2.70164e-05 9.65048e-06 6.16644e-06 9.85443e-07 1.59101e-06 1.48038e-08 3.79780e-07 4.25173e-07 1.57324e-07 8.39940e-09 1.73628e-07 3.09733e-08 3.55537e-08 3.58062e-09 5.99718e-09 1.76797e-09 1.64824e-09 2.28352e-09 3.52835e-09 2.69991e-09 3.26113e-08 6.33232e-08 1.91585e-08 1.21916e-09 1.35807e-09 8.60247e-11 1.26031e-11 4.35701e-12
1.36350e-04 2.27614e-05 2.27702e-06 6.75934e-07 2.83382e-06 1.90059e-06 8.43215e-07 1.21812e-07 6.18123e-07 4.40711e-07 2.87072e-07 3.30624e-08 1.09283e-07 7.39903e-09 1.46959e-09 3.98002e-09 1.15615e-09 1.01905e-09 1.31433e-09 8.00149e-10 2.81803e-09 1.41826e-09 1.91585e-08 3.57698e-08 9.69419e-09 4.04067e-10 4.23763e-10 7.92895e-11 3.08962e-12
2.79806e-05 1.33148e-05 5.88989e-06 3.03423e-06 6.28563e-07 2.20554e-06 1.92202e-06 6.39014e-08 4.37836e-07 5.97026e-07 2.42226e-07 3.43307e-08 3.93692e-08 2.27404e-09 4.97313e-10 1.98675e-09 8.50244e-10 1.47879e-09 8.83219e-10 7.27410e-10 8.86966e-10 2.22084e-09 1.21916e-09 9.69419e-09 1.94958e-08 5.50818e-09 3.37064e-10 1.15889e-10 8.95743e-12
2.30356e-05 4.38515e-05 3.30843e-06 2.50909e-06 3.82475e-06 2.06885e-07 2.68948e-10 8.08138e-08 8.22796e-08 2.35386e-07 5.04325e-08 1.34789e-08 1.50808e-08 7.47636e-09 2.47097e-09 2.27675e-09 2.49384e-09 9.61635e-10 7.71391e-11 3.55004e-10 8.24139e-11 8.01586e-10 1.35807e-09 4.04067e-10 5.50818e-09 1.09812e-08 1.03181e-09 8.94266e-11 8.67973e-12
2.40029e-05 9.48976e-06 8.57415e-06 1.15394e-06 8.80217e-07 5.02275e-08 2.09418e-07 2.19225e-07 8.35550e-08 7.03334e-08 1.88254e-08 1.94690e-08 2.60433e-09 4.30502e-09 1.54999e-09 1.55396e-10 2.23187e-10 3.58816e-10 1.39242e-10 7.16004e-10 3.00565e-11 9.83047e-11 8.60247e-11 4.23763e-10 3.37064e-10 1.03181e-09 2.11303e-09 1.24640e-10 5.04331e-12
6.92472e-06 7.48016e-07 1.12225e-07 8.88976e-07 5.18379e-07 2.86010e-07 8.33406e-08 1.73515e-08 1.87749e-08 8.23698e-08 5.20938e-08 1.72800e-08 1.59131e-09 1.03122e-09 3.33083e-10 6.05540e-10 7.98189e-11 1.39989e-10 6.79673e-11 1.21864e-12 2.57262e-11 2.53151e-11 1.26031e-11 7.92895e-11 1.15889e-10 8.94266e-11 1.24640e-10 4.81716e-10 5.31058e-12
1.74643e-06 8.59875e-07 7.27472e-08 2.47040e-07 5.16543e-08 5.18605e-08 2.52349e-08 1.15177e-09 8.20494e-09 1.78073e-10 8.64818e-10 3.80492e-10 4.08678e-10 5.55626e-10 3.25186e-10 1.77143e-11 4.33879e-11 1.95338e-11 3.50105e-12 2.27503e-11 4.82646e-12 1.22305e-11 4.35701e-12 3.08962e-12 8.95743e-12 8.67973e-12 5.04331e-12 5.31058e-12 1.13603e-11
