; Data taken from arxiv1410.8857 
; systematics
syst_statmc+  +0.91 +0.52 +0.40 +0.37 +0.38 +0.37 +0.33 +0.35 +0.39 +0.37 +0.50 +0.62 +0.49 +0.42 +0.36 +0.28 +0.25 +0.23 +0.20 +0.21 +0.23 +0.23 +0.24 +0.26 +0.28 +0.39 +0.27 +0.32 +0.31
syst_statmc-  -0.91 -0.52 -0.40 -0.37 -0.38 -0.37 -0.33 -0.35 -0.39 -0.37 -0.50 -0.62 -0.49 -0.42 -0.36 -0.28 -0.25 -0.23 -0.20 -0.21 -0.23 -0.23 -0.24 -0.26 -0.28 -0.39 -0.27 -0.32 -0.31
syst_sys1+ 3.1 3.0 3.1 3.2 3.3 3.5 3.7 3.8 3.9 3.8 3.8 3.6 3.6 3.7 3.8 4.0 4.4 4.8 5.1 5.3 5.6 6.0 6.2 6.7 6.9 7.1 7.8 8.8 11
syst_sys1- -3.1 -3.0 -3.0 -3.2 -3.3 -3.5 -3.6 -3.7 -3.7 -3.6 -3.7 -4.0 -3.8 -3.7 -3.8 -4.0 -4.2 -4.6 -4.9 -5.1 -5.4 -5.7 -6.0 -6.2 -6.6 -6.5 -7.1 -8.4 -9.9
syst_sys2+ 0.4 0.4 0.3 0.3 0.3 0.3 0.2 0.2 0.2 0.1 0.1 0.1 0.1 0.1 0.1 0.1 0.0 0.0 0.0 0.0 0.0 0.0 0.0 0.0 0.0 0.0 0.0 0.0 0.0
syst_sys2- -0.5 -0.4 -0.4 -0.3 -0.3 -0.2 -0.2 -0.2 -0.2 -0.1 -0.1 -0.1 -0.1 -0.1 -0.0 -0.0 -0.0 -0.0 -0.0 -0.0 -0.0 -0.0 -0.0 -0.0 -0.0 -0.0 -0.0 -0.0 -0.0
syst_sys3+ 0.1 0.1 0.1 0.1 0.1 0.1 0.1 0.0 0.0 0.0 0.0 0.0 0.0 0.0 0.0 0.0 0.0 0.0 0.0 0.0 0.0 0.0 0.0 0.0 0.0 0.0 0.0 0.0 0.0
syst_sys3- -0.2 -0.1 -0.1 -0.1 -0.1 -0.1 -0.1 -0.0 -0.0 -0.0 -0.0 -0.0 -0.0 -0.0 -0.0 -0.0 -0.0 -0.0 -0.0 -0.0 -0.0 -0.0 -0.0 -0.0 -0.0 -0.0 -0.0 -0.0 -0.0
syst_sys4+ 0.3 0.2 0.2 0.2 0.2 0.1 0.1 0.1 0.1 0.1 0.1 0.1 0.1 0.0 0.0 0.0 0.0 0.0 0.0 0.0 0.0 0.0 0.0 0.0 0.1 0.1 0.1 0.1 0.1
syst_sys4- -0.3 -0.2 -0.2 -0.2 -0.2 -0.2 -0.1 -0.1 -0.1 -0.1 -0.1 -0.1 -0.1 -0.0 -0.0 -0.0 -0.0 -0.0 -0.0 -0.0 -0.0 -0.0 -0.1 -0.1 -0.1 -0.1 -0.1 -0.0 -0.1
syst_sys5+ 1.3 1.1 1.1 1.1 1.1 1.1 1.0 0.8 0.7 0.6 0.5 0.4 0.3 0.3 0.3 0.2 0.2 0.2 0.2 0.3 0.3 0.3 0.4 0.4 0.4 0.5 0.5 0.5 0.7
syst_sys5- -1.2 -1.1 -1.1 -1.1 -1.1 -1.1 -0.9 -0.8 -0.7 -0.6 -0.5 -0.4 -0.4 -0.3 -0.2 -0.2 -0.2 -0.2 -0.2 -0.3 -0.3 -0.3 -0.4 -0.4 -0.4 -0.4 -0.5 -0.5 -0.7
syst_sys6+ 1.0 0.9 0.9 0.8 0.7 0.7 0.7 0.6 0.5 0.5 0.4 0.4 0.3 0.3 0.2 0.2 0.2 0.2 0.2 0.2 0.2 0.2 0.2 0.2 0.2 0.2 0.3 0.3 0.4
syst_sys6- -1.0 -0.9 -0.8 -0.8 -0.7 -0.7 -0.6 -0.6 -0.5 -0.5 -0.4 -0.4 -0.3 -0.2 -0.2 -0.2 -0.2 -0.2 -0.2 -0.2 -0.2 -0.2 -0.2 -0.2 -0.2 -0.2 -0.3 -0.3 -0.4
syst_sys7+ 0.1 0.1 0.1 0.0 0.0 0.0 0.0 0.0 0.0 0.0 0.0 0.0 0.0 0.0 0.0 0.0 0.0 0.0 0.0 0.0 0.0 0.0 0.0 0.0 0.0 0.0 0.0 0.0 0.0
syst_sys7- -0.1 -0.1 -0.0 -0.0 -0.0 -0.0 -0.0 -0.0 -0.0 -0.0 -0.0 -0.0 -0.0 -0.0 -0.0 -0.0 -0.0 -0.0 -0.0 -0.0 -0.0 -0.0 -0.0 -0.0 -0.0 -0.0 -0.0 -0.0 -0.0
syst_sys8+ 0.6 0.5 0.5 0.4 0.4 0.4 0.4 0.3 0.3 0.3 0.3 0.3 0.3 0.3 0.3 0.3 0.3 0.3 0.3 0.4 0.4 0.5 0.5 0.5 0.6 0.6 0.7 0.8 0.9
syst_sys8- -0.6 -0.5 -0.4 -0.4 -0.4 -0.4 -0.4 -0.3 -0.3 -0.3 -0.3 -0.3 -0.3 -0.3 -0.3 -0.3 -0.3 -0.3 -0.4 -0.4 -0.4 -0.5 -0.5 -0.5 -0.6 -0.6 -0.7 -0.7 -1.0
syst_sys9+ 0.1 0.1 0.1 0.1 0.1 0.1 0.1 0.1 0.1 0.1 0.1 0.1 0.1 0.1 0.1 0.1 0.1 0.1 0.1 0.1 0.2 0.2 0.2 0.2 0.2 0.2 0.2 0.3 0.3
syst_sys9- -0.1 -0.1 -0.1 -0.1 -0.1 -0.1 -0.1 -0.1 -0.1 -0.1 -0.1 -0.1 -0.1 -0.1 -0.1 -0.1 -0.1 -0.1 -0.1 -0.1 -0.2 -0.2 -0.2 -0.2 -0.2 -0.2 -0.2 -0.3 -0.3
syst_sys10+ 0.9 0.9 1.0 1.1 1.2 1.2 1.2 1.0 0.9 0.7 0.6 0.5 0.4 0.4 0.3 0.3 0.3 0.2 0.2 0.2 0.3 0.3 0.3 0.3 0.3 0.3 0.3 0.4 0.4
syst_sys10- -0.9 -0.9 -1.0 -1.1 -1.2 -1.2 -1.1 -1.0 -0.9 -0.7 -0.6 -0.5 -0.4 -0.3 -0.3 -0.2 -0.2 -0.2 -0.2 -0.2 -0.3 -0.3 -0.3 -0.3 -0.3 -0.3 -0.3 -0.4 -0.5
syst_sys11+ 0.3 0.3 0.3 0.3 0.3 0.3 0.2 0.2 0.2 0.2 0.2 0.2 0.3 0.3 0.3 0.3 0.3 0.3 0.3 0.3 0.4 0.4 0.4 0.4 0.4 0.5 0.5 0.5 0.6
syst_sys11- -0.4 -0.3 -0.3 -0.3 -0.3 -0.2 -0.2 -0.2 -0.2 -0.2 -0.3 -0.3 -0.3 -0.2 -0.2 -0.2 -0.3 -0.3 -0.3 -0.3 -0.4 -0.4 -0.4 -0.4 -0.4 -0.4 -0.5 -0.5 -0.7
syst_sys12+ 0.8 0.8 0.8 0.8 0.8 0.7 0.7 0.7 0.7 0.7 0.7 0.7 0.7 0.8 0.8 0.8 0.8 0.8 0.8 0.8 0.8 0.8 0.8 0.9 0.9 0.9 1.0 1.1 1.3
syst_sys12- -0.9 -0.8 -0.8 -0.8 -0.8 -0.8 -0.7 -0.7 -0.7 -0.7 -0.7 -0.8 -0.8 -0.8 -0.8 -0.8 -0.8 -0.8 -0.8 -0.8 -0.8 -0.8 -0.8 -0.9 -0.9 -0.9 -1.0 -1.0 -1.4
syst_sys13+ 0.6 0.5 0.5 0.5 0.5 0.5 0.5 0.6 0.6 0.6 0.7 0.7 0.7 0.8 0.9 0.9 1.0 1.1 1.2 1.3 1.4 1.5 1.6 1.7 1.8 2.0 2.2 2.4 3.0
syst_sys13- -0.6 -0.5 -0.4 -0.4 -0.5 -0.5 -0.5 -0.5 -0.6 -0.6 -0.7 -0.7 -0.8 -0.9 -0.9 -0.9 -1.0 -1.1 -1.2 -1.3 -1.4 -1.5 -1.6 -1.7 -1.8 -1.9 -2.1 -2.3 -3.1
syst_sys14+ -0.0 0.0 0.0 0.0 0.0 0.1 0.1 0.1 0.1 0.1 0.1 0.1 0.1 0.1 0.1 0.1 0.1 0.1 0.1 0.1 0.1 0.2 0.2 0.2 0.2 0.3 0.3 0.3 0.4
syst_sys14- 0.0 -0.0 -0.0 -0.0 -0.0 -0.0 -0.1 -0.1 -0.1 -0.1 -0.1 -0.1 -0.1 -0.1 -0.1 -0.1 -0.1 -0.1 -0.1 -0.1 -0.1 -0.2 -0.2 -0.2 -0.2 -0.3 -0.3 -0.3 -0.4
syst_sys15+ -0.0 0.0 0.0 0.0 0.0 0.0 0.0 0.0 0.0 0.0 0.0 0.0 0.0 0.0 0.0 0.1 0.1 0.1 0.2 0.3 0.4 0.5 0.6 0.7 0.8 0.9 1.0 1.1 1.4
syst_sys15- 0.0 -0.0 -0.0 -0.0 -0.0 -0.0 -0.0 -0.0 -0.0 -0.1 -0.1 -0.1 -0.1 -0.1 -0.1 -0.1 -0.1 -0.1 -0.2 -0.3 -0.4 -0.5 -0.6 -0.7 -0.8 -0.8 -1.0 -1.1 -1.5
syst_sys16+ -0.0 -0.0 -0.0 0.0 0.0 0.1 0.1 0.1 0.1 0.2 0.2 0.2 0.3 0.3 0.3 0.4 0.5 0.6 0.8 1.0 1.3 1.5 1.7 1.9 2.1 2.3 2.5 2.9 3.6
syst_sys16- 0.0 0.0 0.0 -0.0 -0.0 -0.0 -0.1 -0.1 -0.2 -0.2 -0.2 -0.2 -0.3 -0.3 -0.3 -0.4 -0.5 -0.6 -0.8 -1.0 -1.3 -1.5 -1.7 -1.9 -2.1 -2.2 -2.5 -2.8 -3.7
syst_sys17+ -0.0 0.0 0.0 0.1 0.1 0.2 0.2 0.3 0.3 0.3 0.4 0.4 0.4 0.5 0.6 0.7 0.9 1.1 1.3 1.5 1.8 2.1 2.4 2.7 2.9 3.2 3.6 4.0 5.3
syst_sys17- 0.0 -0.0 -0.0 -0.1 -0.1 -0.2 -0.2 -0.3 -0.3 -0.3 -0.3 -0.4 -0.5 -0.5 -0.6 -0.7 -0.9 -1.1 -1.3 -1.6 -1.8 -2.1 -2.4 -2.6 -2.8 -3.1 -3.5 -3.9 -5.1
syst_sys18+ -0.0 -0.0 0.0 0.1 0.2 0.2 0.2 0.2 0.3 0.3 0.2 0.2 0.2 0.2 0.2 0.2 0.3 0.5 0.7 0.9 1.2 1.6 1.9 2.2 2.5 2.7 3.1 3.5 4.6
syst_sys18- 0.0 0.0 -0.0 -0.1 -0.1 -0.2 -0.2 -0.3 -0.3 -0.3 -0.3 -0.2 -0.2 -0.2 -0.2 -0.2 -0.3 -0.5 -0.7 -0.9 -1.2 -1.6 -1.9 -2.2 -2.4 -2.6 -3.0 -3.4 -4.4
syst_sys19+ -0.0 -0.0 0.0 0.0 0.1 0.1 0.2 0.2 0.3 0.3 0.3 0.3 0.4 0.4 0.4 0.5 0.5 0.7 0.8 1.1 1.3 1.6 1.9 2.2 2.5 2.7 3.1 3.5 4.6
syst_sys19- 0.0 0.0 -0.0 -0.0 -0.1 -0.1 -0.2 -0.2 -0.3 -0.3 -0.4 -0.4 -0.4 -0.4 -0.4 -0.4 -0.5 -0.7 -0.8 -1.1 -1.3 -1.6 -1.9 -2.2 -2.4 -2.6 -3.0 -3.4 -4.4
syst_sys20+ -0.0 -0.0 -0.0 0.0 0.0 0.1 0.2 0.3 0.4 0.4 0.5 0.5 0.5 0.5 0.5 0.6 0.7 1.0 1.3 1.7 2.2 2.7 3.2 3.6 4.0 4.3 4.9 5.5 7.1
syst_sys20- 0.0 0.0 0.0 -0.0 -0.0 -0.1 -0.2 -0.3 -0.4 -0.4 -0.5 -0.5 -0.5 -0.5 -0.5 -0.6 -0.7 -1.0 -1.3 -1.8 -2.2 -2.7 -3.1 -3.5 -3.9 -4.1 -4.7 -5.3 -6.8
syst_sys21+ -0.0 -0.0 -0.0 -0.0 0.0 0.0 0.1 0.1 0.1 0.1 0.2 0.2 0.2 0.2 0.2 0.2 0.3 0.4 0.6 0.8 1.0 1.3 1.6 1.9 2.2 2.4 2.8 3.2 4.2
syst_sys21- 0.0 0.0 0.0 0.0 -0.0 -0.0 -0.1 -0.1 -0.1 -0.2 -0.2 -0.2 -0.2 -0.2 -0.2 -0.2 -0.3 -0.4 -0.5 -0.8 -1.0 -1.3 -1.6 -1.9 -2.1 -2.4 -2.7 -3.1 -4.0
syst_sys22+ 0.1 0.1 0.0 0.0 0.0 0.0 0.0 0.0 0.0 0.0 0.0 0.0 0.0 0.0 0.0 0.0 0.0 0.0 0.0 0.0 0.0 0.0 0.0 0.0 0.0 0.0 0.0 0.0 0.0
syst_sys22- -0.1 -0.0 -0.0 -0.0 -0.0 -0.0 -0.0 -0.0 -0.0 -0.0 -0.0 -0.0 -0.0 -0.0 -0.0 -0.0 -0.0 -0.0 -0.0 -0.0 -0.0 -0.0 -0.0 -0.0 -0.0 -0.0 -0.0 -0.0 -0.0
syst_sys23+ 0.0 0.0 0.0 0.0 0.0 0.0 0.0 0.0 0.0 0.0 0.0 0.0 0.0 0.0 0.0 0.0 0.0 0.0 0.0 0.0 0.0 0.0 0.0 0.0 0.0 0.0 0.0 0.0 0.0
syst_sys23- -0.1 -0.0 -0.0 -0.0 -0.0 -0.0 -0.0 -0.0 -0.0 -0.0 -0.0 -0.0 -0.0 -0.0 -0.0 -0.0 -0.0 -0.0 -0.0 -0.0 -0.0 -0.0 -0.0 -0.0 -0.0 -0.0 -0.0 -0.0 -0.0
syst_sys24+ 0.0 0.0 0.0 0.0 0.0 0.0 0.0 0.0 0.0 0.0 0.0 0.0 0.0 0.0 0.0 0.0 0.0 0.0 0.0 0.0 0.1 0.1 0.1 0.1 0.1 0.1 0.1 0.2 0.2
syst_sys24- -0.0 -0.0 -0.0 -0.0 -0.0 -0.0 -0.0 -0.0 -0.0 -0.0 -0.0 -0.0 -0.0 -0.0 -0.0 -0.0 -0.0 -0.0 -0.0 -0.0 -0.1 -0.1 -0.1 -0.1 -0.1 -0.1 -0.1 -0.2 -0.2
syst_sys25+ 0.1 0.0 0.0 0.0 0.0 0.0 0.0 0.0 0.0 0.0 0.0 0.0 0.0 0.0 0.0 0.0 0.0 0.0 0.0 0.0 0.0 0.0 0.0 0.0 0.0 0.0 0.0 0.1 0.1
syst_sys25- -0.1 -0.0 -0.0 -0.0 -0.0 -0.0 -0.0 -0.0 -0.0 -0.0 -0.0 -0.0 -0.0 -0.0 -0.0 -0.0 -0.0 -0.0 -0.0 -0.0 -0.0 -0.0 -0.0 -0.0 -0.0 -0.0 -0.0 -0.0 -0.1
syst_sys26+ 0.1 0.1 0.0 0.0 0.0 0.0 0.0 0.0 0.0 0.0 0.0 0.0 0.0 0.0 0.0 0.0 0.0 0.0 0.0 0.0 0.0 0.0 0.0 0.0 0.0 0.0 0.0 0.0 0.0
syst_sys26- -0.1 -0.0 -0.0 -0.0 -0.0 -0.0 -0.0 -0.0 -0.0 -0.0 -0.0 -0.0 -0.0 -0.0 -0.0 -0.0 -0.0 -0.0 -0.0 -0.0 -0.0 -0.0 -0.0 -0.0 -0.0 -0.0 -0.0 -0.0 -0.0
syst_sys27+ 0.2 0.1 0.1 0.1 0.1 0.0 0.0 0.0 0.0 0.0 0.0 0.0 0.0 0.0 0.0 0.0 0.0 0.0 0.0 0.0 0.0 0.0 0.0 0.0 0.0 0.0 0.0 0.0 0.0
syst_sys27- -0.2 -0.1 -0.1 -0.1 -0.0 -0.0 -0.0 -0.0 -0.0 -0.0 -0.0 -0.0 -0.0 -0.0 -0.0 -0.0 -0.0 -0.0 -0.0 -0.0 -0.0 -0.0 -0.0 -0.0 -0.0 -0.0 -0.0 -0.0 -0.0
syst_sys28+ 0.4 0.3 0.2 0.1 0.1 0.1 0.0 0.0 0.0 0.0 0.0 0.0 0.0 0.0 0.0 0.0 0.0 0.0 0.0 0.0 0.0 0.0 0.0 0.0 0.0 0.0 0.0 0.0 0.0
syst_sys28- -0.5 -0.3 -0.2 -0.1 -0.1 -0.1 -0.0 -0.0 -0.0 -0.0 -0.0 -0.0 -0.0 -0.0 -0.0 -0.0 -0.0 -0.0 -0.0 -0.0 -0.0 -0.0 -0.0 -0.0 -0.0 -0.0 -0.0 -0.0 -0.0
syst_sys29+ 0.6 0.5 0.4 0.3 0.2 0.2 0.1 0.1 0.1 0.1 0.1 0.1 0.1 0.0 0.0 0.0 0.0 0.0 0.0 0.0 0.0 0.0 0.0 0.0 0.0 0.0 0.0 0.1 0.1
syst_sys29- -0.6 -0.5 -0.4 -0.3 -0.2 -0.2 -0.1 -0.1 -0.1 -0.1 -0.1 -0.1 -0.1 -0.0 -0.0 -0.0 -0.0 -0.0 -0.0 -0.0 -0.0 -0.0 -0.0 -0.0 -0.0 -0.0 -0.0 -0.0 -0.1
syst_sys30+ 0.3 0.4 0.5 0.5 0.4 0.3 0.2 0.2 0.2 0.1 0.1 0.1 0.1 0.1 0.1 0.1 0.0 0.0 0.0 0.1 0.1 0.1 0.1 0.1 0.1 0.1 0.1 0.1 0.1
syst_sys30- -0.4 -0.4 -0.5 -0.4 -0.4 -0.3 -0.2 -0.2 -0.2 -0.1 -0.1 -0.1 -0.1 -0.1 -0.1 -0.0 -0.0 -0.1 -0.1 -0.1 -0.1 -0.1 -0.1 -0.1 -0.1 -0.1 -0.1 -0.1 -0.1
syst_sys31+ -0.0 0.1 0.2 0.3 0.4 0.4 0.4 0.3 0.2 0.1 0.1 0.1 0.1 0.1 0.1 0.0 0.0 0.0 0.0 0.0 0.0 0.0 0.0 0.0 0.0 0.0 0.0 0.0 0.0
syst_sys31- 0.0 -0.1 -0.2 -0.4 -0.5 -0.4 -0.4 -0.3 -0.2 -0.2 -0.1 -0.1 -0.1 -0.1 -0.0 -0.0 -0.0 -0.0 -0.0 -0.0 -0.0 -0.0 -0.0 -0.0 -0.0 -0.0 -0.0 -0.0 -0.0
syst_sys32+ -0.0 -0.0 -0.0 -0.0 0.1 0.2 0.3 0.3 0.3 0.3 0.3 0.2 0.2 0.2 0.2 0.1 0.1 0.1 0.1 0.1 0.1 0.1 0.1 0.1 0.1 0.1 0.1 0.1 0.2
syst_sys32- 0.0 0.0 0.1 0.0 -0.1 -0.2 -0.3 -0.3 -0.3 -0.3 -0.3 -0.3 -0.2 -0.2 -0.1 -0.1 -0.1 -0.1 -0.1 -0.1 -0.1 -0.1 -0.1 -0.1 -0.1 -0.1 -0.1 -0.1 -0.2
syst_sys33+ 0.0 0.0 0.0 0.0 0.0 0.0 0.0 0.0 0.0 0.0 0.0 0.0 0.0 0.0 0.0 0.0 0.0 0.0 0.0 0.0 0.0 0.0 0.0 0.1 0.1 0.1 0.1 0.1 0.1
syst_sys33- -0.0 -0.0 -0.0 -0.0 -0.0 -0.0 -0.0 -0.0 -0.0 -0.0 -0.0 -0.0 -0.0 -0.0 -0.0 -0.0 -0.0 -0.0 -0.0 -0.0 -0.0 -0.0 -0.1 -0.1 -0.1 -0.1 -0.1 -0.1 -0.1
syst_sys34+ 0.0 0.0 0.0 0.0 0.0 0.0 0.0 0.0 0.0 0.0 0.0 0.0 0.0 0.0 0.0 0.0 0.0 0.0 0.0 0.0 0.0 0.0 0.0 0.0 0.0 0.0 0.0 0.0 0.0
syst_sys34- -0.0 -0.0 -0.0 -0.0 -0.0 -0.0 -0.0 -0.0 -0.0 -0.0 -0.0 -0.0 -0.0 -0.0 -0.0 -0.0 -0.0 -0.0 -0.0 -0.0 -0.0 -0.0 -0.0 -0.0 -0.0 -0.0 -0.0 -0.0 -0.0
syst_sys35+ 0.1 0.0 0.0 0.0 0.0 0.0 0.0 0.0 0.0 0.0 0.0 0.0 0.0 0.0 0.0 0.0 0.0 0.0 0.0 0.0 0.0 0.0 0.0 0.0 0.0 0.0 0.0 0.0 0.0
syst_sys35- -0.1 -0.1 -0.0 -0.0 -0.0 -0.0 -0.0 -0.0 -0.0 -0.0 -0.0 -0.0 -0.0 -0.0 -0.0 -0.0 -0.0 -0.0 -0.0 -0.0 -0.0 -0.0 -0.0 -0.0 -0.0 -0.0 -0.0 -0.0 -0.0
syst_sys36+ 0.0 0.0 0.0 0.0 0.0 0.0 0.0 0.0 0.0 0.0 0.0 0.0 0.0 0.0 0.0 0.0 0.0 0.0 0.0 0.0 0.0 0.0 0.0 0.0 0.0 0.0 0.0 0.0 0.0
syst_sys36- -0.1 -0.0 -0.0 -0.0 -0.0 -0.0 -0.0 -0.0 -0.0 -0.0 -0.0 -0.0 -0.0 -0.0 -0.0 -0.0 -0.0 -0.0 -0.0 -0.0 -0.0 -0.0 -0.0 -0.0 -0.0 -0.0 -0.0 -0.0 -0.0
syst_sys37+ 0.0 0.1 0.1 0.1 0.1 0.1 0.1 0.0 0.0 0.0 0.0 0.0 0.0 0.0 0.0 0.0 0.0 0.0 0.0 0.0 0.0 0.0 0.0 0.0 0.0 0.0 0.0 0.0 0.0
syst_sys37- -0.0 -0.1 -0.1 -0.1 -0.1 -0.1 -0.1 -0.0 -0.0 -0.0 -0.0 -0.0 -0.0 -0.0 -0.0 -0.0 -0.0 -0.0 -0.0 -0.0 -0.0 -0.0 -0.0 -0.0 -0.0 -0.0 -0.0 -0.0 -0.1
syst_sys38+ -0.0 0.0 0.0 0.1 0.1 0.1 0.1 0.1 0.1 0.0 0.0 0.0 0.0 0.0 0.0 0.0 0.0 0.0 0.0 0.0 0.0 0.0 0.0 0.0 0.0 0.0 0.0 0.1 0.0
syst_sys38- 0.0 -0.0 -0.0 -0.1 -0.1 -0.1 -0.1 -0.1 -0.1 -0.0 -0.0 -0.0 -0.0 -0.0 -0.0 -0.0 -0.0 -0.0 -0.0 -0.0 -0.0 -0.0 -0.0 -0.0 -0.0 -0.0 -0.0 -0.0 -0.1
syst_sys39+ -0.0 -0.0 -0.0 0.0 0.1 0.1 0.1 0.1 0.1 0.1 0.1 0.1 0.1 0.1 0.1 0.0 0.0 0.0 0.0 0.0 0.0 0.0 0.0 0.0 0.0 0.0 0.0 0.0 0.0
syst_sys39- 0.0 0.0 0.0 -0.0 -0.1 -0.1 -0.1 -0.1 -0.1 -0.1 -0.1 -0.1 -0.1 -0.0 -0.0 -0.0 -0.0 -0.0 -0.0 -0.0 -0.0 -0.0 -0.0 -0.0 -0.0 -0.0 -0.0 -0.0 -0.0
syst_sys40+ 0.0 -0.0 -0.0 -0.0 -0.0 0.0 0.1 0.1 0.2 0.2 0.2 0.2 0.1 0.1 0.1 0.1 0.1 0.1 0.1 0.1 0.1 0.1 0.0 0.0 0.0 0.0 0.0 0.0 0.0
syst_sys40- -0.0 0.0 0.0 0.0 0.0 -0.0 -0.1 -0.1 -0.2 -0.2 -0.2 -0.2 -0.1 -0.1 -0.1 -0.1 -0.1 -0.1 -0.1 -0.1 -0.1 -0.1 -0.1 -0.0 -0.0 -0.0 -0.0 -0.0 -0.0
syst_sys41+ 0.0 0.0 -0.0 -0.0 -0.0 -0.0 -0.0 0.0 0.1 0.1 0.2 0.2 0.2 0.2 0.2 0.2 0.2 0.2 0.2 0.2 0.2 0.3 0.3 0.3 0.4 0.4 0.4 0.5 0.6
syst_sys41- -0.0 -0.0 0.0 0.0 0.0 0.0 0.0 -0.0 -0.1 -0.1 -0.2 -0.2 -0.2 -0.2 -0.2 -0.2 -0.1 -0.1 -0.2 -0.2 -0.2 -0.3 -0.3 -0.3 -0.3 -0.4 -0.4 -0.4 -0.6
syst_sys42+ 0.0 0.0 0.0 -0.0 -0.0 -0.0 -0.0 -0.0 -0.0 0.0 0.1 0.2 0.3 0.4 0.4 0.4 0.4 0.4 0.4 0.4 0.5 0.5 0.6 0.6 0.7 0.7 0.8 0.9 1.1
syst_sys42- -0.0 -0.0 -0.0 0.0 0.0 0.0 0.0 0.0 0.0 -0.0 -0.1 -0.2 -0.3 -0.3 -0.4 -0.4 -0.4 -0.4 -0.4 -0.4 -0.5 -0.5 -0.6 -0.6 -0.7 -0.7 -0.8 -0.8 -1.1
syst_sys43+ 0.0 0.0 0.0 0.0 0.0 0.0 -0.0 -0.0 -0.0 -0.0 -0.1 0.0 0.0 0.2 0.3 0.4 0.5 0.5 0.4 0.4 0.4 0.3 0.4 0.4 0.5 0.5 0.6 0.7 0.9
syst_sys43- -0.0 -0.0 -0.0 -0.0 -0.0 -0.0 0.0 0.0 0.0 0.0 0.0 -0.0 -0.1 -0.2 -0.3 -0.4 -0.5 -0.5 -0.4 -0.4 -0.4 -0.3 -0.4 -0.4 -0.5 -0.5 -0.6 -0.7 -0.9
syst_sys44+ 0.0 0.0 0.0 0.0 0.0 0.0 0.0 0.0 0.0 -0.0 -0.0 -0.0 -0.1 -0.0 0.0 0.1 0.3 0.5 0.7 0.9 1.0 1.1 1.2 1.2 1.2 1.2 1.2 1.3 1.6
syst_sys44- -0.0 -0.0 -0.0 -0.0 -0.0 -0.0 -0.0 -0.0 -0.0 0.0 0.0 0.0 0.1 0.1 -0.0 -0.1 -0.3 -0.5 -0.7 -0.9 -1.0 -1.1 -1.2 -1.2 -1.2 -1.2 -1.2 -1.2 -1.7
syst_sys45+ 0.0 0.0 0.0 0.0 0.0 0.0 0.0 0.0 0.0 0.0 0.0 0.0 0.0 0.0 0.0 0.0 0.0 0.0 0.0 0.0 0.0 0.0 0.0 0.0 0.0 0.0 0.0 0.0 0.0
syst_sys45- -0.0 -0.0 -0.0 -0.0 -0.0 -0.0 -0.0 -0.0 -0.0 -0.0 -0.0 -0.0 -0.0 -0.0 -0.0 -0.0 -0.0 -0.0 -0.0 -0.0 -0.0 -0.0 -0.0 -0.0 -0.0 -0.0 -0.0 -0.0 -0.0
syst_sys46+ 0.0 0.0 0.0 0.0 0.0 0.0 0.0 0.0 0.0 0.0 0.0 0.0 0.0 0.0 0.0 0.0 0.0 0.0 0.0 0.0 0.0 0.0 0.0 0.0 0.0 0.0 0.0 0.0 0.0
syst_sys46- -0.0 -0.0 -0.0 -0.0 -0.0 -0.0 -0.0 -0.0 -0.0 -0.0 -0.0 -0.0 -0.0 -0.0 -0.0 -0.0 -0.0 -0.0 -0.0 -0.0 -0.0 -0.0 -0.0 -0.0 -0.0 -0.0 -0.0 -0.0 -0.0
syst_sys47+ -0.0 -0.0 -0.0 -0.0 -0.0 -0.0 0.0 0.0 0.0 0.0 0.0 0.0 0.0 0.0 0.0 0.0 0.0 0.0 0.0 0.0 0.0 0.0 0.0 0.0 0.0 0.0 0.0 0.0 0.0
syst_sys47- 0.0 0.0 0.0 0.0 0.0 0.0 -0.0 -0.0 -0.0 -0.0 -0.0 -0.0 -0.0 -0.0 -0.0 -0.0 -0.0 -0.0 -0.0 -0.0 -0.0 -0.0 -0.0 -0.0 -0.0 -0.0 -0.0 -0.0 -0.0
syst_sys48+ 0.0 0.0 0.0 0.0 -0.0 -0.0 -0.0 -0.0 -0.0 0.0 0.0 0.0 0.0 0.1 0.1 0.0 0.0 0.0 0.0 0.0 0.0 0.0 0.0 0.0 0.0 0.0 0.0 0.0 0.0
syst_sys48- -0.0 -0.0 -0.0 -0.0 0.0 0.0 0.0 0.0 0.0 -0.0 -0.0 -0.0 -0.0 -0.0 -0.0 -0.0 -0.0 -0.0 -0.0 -0.0 -0.0 -0.0 -0.0 -0.0 -0.0 -0.0 -0.0 -0.0 -0.0
syst_sys49+ 0.0 0.0 0.0 0.0 0.0 0.0 0.0 0.0 0.0 0.0 0.0 0.0 0.0 0.0 0.0 0.0 0.0 0.0 0.0 0.0 0.0 0.0 0.0 0.0 0.0 0.0 0.0 0.0 0.0
syst_sys49- -0.0 -0.0 -0.0 -0.0 -0.0 -0.0 -0.0 -0.0 -0.0 -0.0 -0.0 -0.0 -0.0 -0.0 -0.0 -0.0 -0.0 -0.0 -0.0 -0.0 -0.0 -0.0 -0.0 -0.0 -0.0 -0.0 -0.0 -0.0 -0.0
syst_sys50+ 0.0 0.0 0.0 0.0 0.0 0.0 0.0 0.0 0.0 -0.0 -0.0 -0.0 -0.0 -0.0 0.0 0.0 0.0 0.1 0.1 0.1 0.1 0.1 0.1 0.1 0.1 0.1 0.1 0.1 0.1
syst_sys50- -0.0 -0.0 -0.0 -0.0 -0.0 -0.0 -0.0 -0.0 -0.0 0.0 0.0 0.0 0.0 0.0 -0.0 -0.0 -0.1 -0.1 -0.1 -0.1 -0.1 -0.1 -0.1 -0.1 -0.1 -0.1 -0.1 -0.1 -0.1
syst_sys51+ 0.0 0.0 0.0 0.0 0.0 0.0 0.0 0.0 0.0 0.0 -0.0 -0.0 -0.0 -0.0 -0.0 -0.0 0.0 0.0 0.1 0.2 0.2 0.3 0.4 0.5 0.6 0.7 0.7 0.8 1.0
syst_sys51- -0.0 -0.0 -0.0 -0.0 -0.0 -0.0 -0.0 -0.0 -0.0 -0.0 0.0 0.0 0.0 0.0 0.0 0.0 -0.0 -0.0 -0.1 -0.1 -0.2 -0.3 -0.4 -0.5 -0.6 -0.6 -0.7 -0.8 -1.1
syst_sys52+ 0.0 0.0 0.0 0.0 0.0 0.0 0.0 0.0 0.0 0.0 0.0 0.0 -0.0 -0.0 -0.0 -0.0 -0.0 -0.0 -0.0 0.0 0.1 0.2 0.3 0.4 0.5 0.6 0.8 0.9 1.1
syst_sys52- -0.0 -0.0 -0.0 -0.0 -0.0 -0.0 -0.0 -0.0 -0.0 -0.0 -0.0 -0.0 0.0 0.0 0.0 0.0 0.0 0.0 0.0 -0.0 -0.1 -0.2 -0.3 -0.4 -0.5 -0.6 -0.7 -0.8 -1.1
syst_sys53+ 0.0 0.0 0.0 0.0 0.0 0.0 0.0 0.0 0.0 0.0 0.0 0.0 -0.0 -0.0 -0.0 -0.0 -0.0 -0.0 0.0 0.0 0.0 0.1 0.1 0.1 0.1 0.2 0.2 0.2 0.3
syst_sys53- -0.0 -0.0 -0.0 -0.0 -0.0 -0.0 -0.0 -0.0 -0.0 -0.0 -0.0 -0.0 0.0 0.0 0.0 0.0 0.0 0.0 -0.0 -0.0 -0.0 -0.1 -0.1 -0.1 -0.2 -0.2 -0.2 -0.2 -0.3
syst_sys54+ 0.0 0.0 0.0 0.0 0.0 0.0 0.0 0.0 0.0 0.0 0.0 0.0 0.0 0.0 0.0 0.0 0.0 0.0 0.0 0.0 0.0 0.0 0.0 0.0 0.0 0.0 0.0 0.0 0.0
syst_sys54- 0.0 0.0 0.0 0.0 0.0 0.0 0.0 0.0 0.0 0.0 0.0 0.0 0.0 0.0 0.0 0.0 0.0 0.0 0.0 0.0 0.0 0.0 0.0 0.0 0.0 0.0 0.0 0.0 0.0
syst_sys55+ 0.5 0.4 0.4 0.4 0.4 0.3 0.3 0.3 0.2 0.2 0.3 0.2 0.3 0.3 0.3 0.3 0.3 0.3 0.3 0.3 0.4 0.4 0.5 0.5 0.6 0.7 0.8 1.3 2.3
syst_sys55- -0.6 -0.5 -0.4 -0.4 -0.4 -0.3 -0.3 -0.3 -0.3 -0.2 -0.3 -0.3 -0.3 -0.2 -0.2 -0.2 -0.3 -0.3 -0.3 -0.4 -0.4 -0.4 -0.5 -0.6 -0.6 -0.6 -0.9 -1.2 -2.5
syst_sys56+ 1.5 1.3 1.3 1.4 1.4 1.5 1.5 1.4 1.3 1.3 1.2 1.2 1.2 1.2 1.2 1.2 1.2 1.2 1.2 1.1 1.1 1.1 1.1 1.1 1.0 1.0 0.9 0.7 0.4
syst_sys56- -1.6 -1.4 -1.3 -1.4 -1.4 -1.5 -1.4 -1.4 -1.3 -1.3 -1.3 -1.3 -1.2 -1.2 -1.2 -1.2 -1.2 -1.2 -1.1 -1.1 -1.1 -1.1 -1.1 -1.0 -1.0 -1.0 -0.9 -0.7 -0.4
syst_sys57+ 0.0 0.0 0.0 0.0 0.0 0.0 0.0 0.0 0.0 0.0 0.0 0.0 0.0 0.0 0.0 0.0 0.0 0.0 0.0 0.0 0.0 0.0 0.0 0.0 -0.1 -1.1 -2.1 4.7 23
syst_sys57- -0.0 -0.0 -0.0 -0.0 -0.0 -0.0 -0.0 -0.0 -0.0 -0.0 -0.0 -0.0 -0.0 -0.0 -0.0 -0.0 -0.0 -0.0 -0.0 -0.0 -0.0 -0.0 -0.0 -0.0 0.2 1.2 2.2 -5.6 -23
syst_sys58+ -1.4 -1.3 -1.4 -1.4 -1.3 -1.2 -1.2 -1.2 -1.2 -1.1 -1.1 -1.1 -1.1 -1.1 -1.1 -1.1 -1.1 -1.1 -1.0 -0.8 -0.6 -0.5 -0.6 -0.7 -0.7 -0.6 0.1 1.3 -3.1
syst_sys58- 1.4 1.3 1.4 1.4 1.3 1.2 1.2 1.3 1.2 1.2 1.1 1.1 1.1 1.1 1.1 1.1 1.1 1.1 1.0 0.8 0.6 0.5 0.6 0.7 0.7 0.6 -0.1 -1.2 3.0
syst_sys59+ -0.6 -0.6 -0.5 -0.5 -0.5 -0.5 -0.4 -0.3 -0.3 -0.4 -0.4 -0.5 -0.4 -0.4 -0.2 -0.1 -0.1 -0.0 -0.0 -0.0 -0.0 -0.0 -0.0 -0.0 -0.0 -0.0 -0.0 -0.0 -0.0
syst_sys59- 0.7 0.6 0.6 0.6 0.5 0.5 0.4 0.4 0.4 0.4 0.4 0.4 0.4 0.4 0.3 0.2 0.1 0.0 0.0 0.0 0.0 0.0 0.0 0.0 0.0 0.0 0.0 0.0 0.0
syst_sys60+ -1.1 -0.9 -0.8 -0.8 -0.8 -0.7 -0.6 -0.5 -0.5 -0.5 -0.5 -0.6 -0.6 -0.5 -0.3 -0.1 0.0 0.1 0.1 0.1 0.1 0.1 0.1 0.1 0.1 0.1 0.1 0.0 0.0
syst_sys60- 1.2 0.9 0.9 0.8 0.7 0.7 0.6 0.5 0.5 0.5 0.5 0.6 0.6 0.5 0.3 0.1 -0.0 -0.1 -0.1 -0.1 -0.1 -0.1 -0.1 -0.1 -0.1 -0.1 -0.1 -0.1 -0.1
syst_sys61+ 0.8 0.8 0.8 0.7 0.7 0.8 0.9 1.0 1.1 1.1 1.1 0.9 0.8 0.6 0.3 0.2 0.1 0.0 -0.0 -0.0 -0.0 -0.0 -0.0 -0.0 -0.0 -0.0 -0.0 -0.0 0.0
syst_sys61- -0.8 -0.8 -0.7 -0.7 -0.7 -0.8 -0.9 -1.0 -1.1 -1.1 -1.1 -1.0 -0.8 -0.6 -0.3 -0.2 -0.1 -0.0 0.0 0.0 0.0 0.0 0.0 0.0 0.0 0.0 0.0 0.0 0.0
syst_sys62+ 0.5 0.4 0.3 0.3 0.2 0.2 0.2 0.2 0.2 0.1 0.1 0.1 0.2 0.1 0.1 0.1 0.1 0.1 0.1 0.1 0.1 0.1 0.1 0.1 0.0 0.0 0.0 0.0 0.0
syst_sys62- -0.6 -0.5 -0.3 -0.3 -0.2 -0.2 -0.2 -0.2 -0.2 -0.2 -0.1 -0.2 -0.2 -0.1 -0.1 -0.1 -0.1 -0.1 -0.1 -0.1 -0.1 -0.1 -0.1 -0.1 -0.1 -0.0 -0.0 -0.0 -0.0
syst_sys63+ 6.4 5.6 5.1 4.8 4.5 4.3 4.0 3.7 3.3 2.8 2.5 2.2 2.1 1.9 1.8 1.7 1.6 1.5 1.4 1.3 1.2 1.2 1.1 1.1 1.0 1.0 0.9 0.8 0.6
syst_sys63- -5.9 -5.2 -4.8 -4.6 -4.4 -4.2 -3.9 -3.5 -3.1 -2.7 -2.5 -2.3 -2.1 -2.0 -1.8 -1.6 -1.5 -1.4 -1.3 -1.3 -1.2 -1.1 -1.1 -1.0 -1.0 -0.9 -0.9 -0.8 -0.7
syst_sys64+ 3.0 2.5 2.2 1.9 1.6 1.4 1.3 1.3 1.2 1.2 1.1 1.0 1.1 1.1 1.1 1.1 1.1 1.1 1.1 1.1 1.1 1.2 1.2 1.3 1.4 1.5 1.6 1.7 3.7
syst_sys64- -3.0 -2.5 -2.2 -1.9 -1.6 -1.4 -1.3 -1.3 -1.2 -1.2 -1.1 -1.0 -1.1 -1.1 -1.1 -1.1 -1.1 -1.1 -1.1 -1.1 -1.1 -1.2 -1.2 -1.3 -1.4 -1.5 -1.6 -1.7 -3.7
syst_sys65+ 0.2 0.1 0.1 0.1 0.1 0.0 0.0 0.0 0.0 0.0 0.0 0.0 0.0 0.0 0.0 0.0 0.0 0.0 0.0 0.0 0.0 0.0 0.0 0.0 0.0 0.0 0.0 0.0 0.0
syst_sys65- -0.2 -0.1 -0.1 -0.1 -0.1 -0.0 -0.0 -0.0 -0.0 -0.0 -0.0 -0.0 -0.0 -0.0 -0.0 -0.0 -0.0 -0.0 -0.0 -0.0 -0.0 -0.0 -0.0 -0.0 -0.0 -0.0 -0.0 -0.0 -0.0
syst_sys66+ 0.1 0.1 0.0 0.0 0.0 0.0 0.0 0.0 0.0 0.0 0.0 0.0 0.0 0.0 0.0 0.0 0.0 0.0 0.0 0.0 0.0 0.0 0.0 0.0 0.0 0.1 0.1 0.2 0.8
syst_sys66- -0.1 -0.1 -0.0 -0.0 -0.0 -0.0 -0.0 -0.0 -0.0 -0.0 -0.0 -0.0 -0.0 -0.0 -0.0 -0.0 -0.0 -0.0 -0.0 -0.0 -0.0 -0.0 -0.0 -0.0 -0.0 -0.1 -0.1 -0.2 -0.8
syst_sys67+ 0.5 0.5 0.5 0.5 0.5 0.5 0.5 0.5 0.5 0.5 0.5 0.5 0.5 0.5 0.5 0.5 0.5 0.5 0.5 0.5 0.5 0.5 0.5 0.5 0.5 0.5 0.5 0.5 0.5
syst_sys67- -0.5 -0.5 -0.5 -0.5 -0.5 -0.5 -0.5 -0.5 -0.5 -0.5 -0.5 -0.5 -0.5 -0.5 -0.5 -0.5 -0.5 -0.5 -0.5 -0.5 -0.5 -0.5 -0.5 -0.5 -0.5 -0.5 -0.5 -0.5 -0.5
syst_sys68+ 1.8 1.8 1.8 1.8 1.8 1.8 1.8 1.8 1.8 1.8 1.8 1.8 1.8 1.8 1.8 1.8 1.8 1.8 1.8 1.8 1.8 1.8 1.8 1.8 1.8 1.8 1.8 1.8 1.8
syst_sys68- -1.8 -1.8 -1.8 -1.8 -1.8 -1.8 -1.8 -1.8 -1.8 -1.8 -1.8 -1.8 -1.8 -1.8 -1.8 -1.8 -1.8 -1.8 -1.8 -1.8 -1.8 -1.8 -1.8 -1.8 -1.8 -1.8 -1.8 -1.8 -1.8
syst_sys69+ 0.0 0.0 0.0 0.0 0.0 0.0 0.0 0.0 0.0 0.0 0.0 0.0 0.0 0.0 0.0 0.0 0.0 0.0 0.0 0.0 0.0 0.0 0.0 0.0 0.0 0.0 0.0 0.0 0.0
syst_sys69- -0.0 -0.0 -0.0 -0.0 -0.0 -0.0 -0.0 -0.0 -0.0 -0.0 -0.0 -0.0 -0.0 -0.0 -0.0 -0.0 -0.0 -0.0 -0.0 -0.0 -0.0 -0.0 -0.0 -0.0 -0.0 -0.0 -0.0 -0.0 -0.0
;mean xmin xmax cross staterr   +syst    -syst 
108.0 100 116 4.03e+03 0.55 8.76 8.47
125.0 116 134 1.90e+03 0.77 7.79 7.54
143.0 134 152 9.31e+02 0.92 7.38 7.12
162.0 152 172 4.67e+02 0.72 7.14 7.00
183.0 172 194 2.39e+02 0.57 6.89 6.82
205.0 194 216 1.26e+02 0.73 6.80 6.74
228.0 216 240 6.89e+01 0.54 6.68 6.50
252.0 240 264 3.86e+01 0.70 6.47 6.32
277.0 264 290 2.22e+01 0.91 6.26 6.05
304.0 290 318 1.28e+01 1.2 5.89 5.74
332.0 318 346 7.41e+00 1.1 5.73 5.69
361.0 346 376 4.50e+00 0.58 5.42 5.80
392.0 376 408 2.71e+00 0.31 5.36 5.54
425.0 408 442 1.63e+00 0.36 5.36 5.38
460.0 442 478 9.69e-01 0.37 5.36 5.34
497.0 478 516 5.81e-01 0.30 5.48 5.43
536.0 516 556 3.46e-01 0.37 5.83 5.65
577.0 556 598 2.07e-01 0.47 6.26 6.08
620.0 598 642 1.23e-01 0.57 6.64 6.45
665.0 642 688 7.40e-02 0.74 7.03 6.93
712.0 688 736 4.45e-02 0.94 7.62 7.48
761.0 736 786 2.64e-02 1.2 8.40 8.17
812.0 786 838 1.57e-02 1.5 9.05 8.88
866.0 838 894 9.47e-03 1.9 9.90 9.49
923.0 894 952 5.26e-03 2.5 10.52 10.20
982.0 952 1012 2.99e-03 3.3 11.17 10.58
1087.0 1012 1162 1.12e-03 4.0 12.49 11.88
1236.0 1162 1310 2.56e-04 8.2 14.65 14.47
1651.0 1310 1992 2.20e-05 14 29.27 28.74
