 electroweak corrections 
 ewc  ewc_tree ewc_loop 
 108.0 100.0 116.0 1.00 1.00 1.00
 125.0 116.0 134.0 1.00 1.00 1.00
 143.0 134.0 152.0 1.00 1.00 1.00
 162.0 152.0 172.0 1.00 1.00 0.99
 183.0 172.0 194.0 1.00 1.00 0.99
 205.0 194.0 216.0 1.00 1.01 0.99
 228.0 216.0 240.0 1.00 1.01 0.99
 252.0 240.0 264.0 1.00 1.01 0.99
 277.0 264.0 290.0 1.00 1.01 0.99
 304.0 290.0 318.0 1.00 1.01 0.99
 332.0 318.0 346.0 1.00 1.01 0.98
 361.0 346.0 376.0 1.00 1.02 0.98
 392.0 376.0 408.0 1.00 1.02 0.98
 425.0 408.0 442.0 1.00 1.02 0.98
 460.0 442.0 478.0 1.00 1.03 0.98
 497.0 478.0 516.0 1.00 1.03 0.97
 536.0 516.0 556.0 1.00 1.03 0.97
 577.0 556.0 598.0 1.01 1.04 0.97
 620.0 598.0 642.0 1.01 1.04 0.97
 665.0 642.0 688.0 1.01 1.05 0.96
 712.0 688.0 736.0 1.01 1.05 0.96
 761.0 736.0 786.0 1.02 1.06 0.96
 812.0 786.0 838.0 1.02 1.06 0.95
 866.0 838.0 894.0 1.02 1.07 0.95
 923.0 894.0 952.0 1.03 1.08 0.95
 982.0 952.0 1012.0 1.03 1.08 0.95
 1087.0 1012.0 1162.0 1.04 1.09 0.94
 1236.0 1162.0 1310.0 1.05 1.11 0.94
 1651.0 1310.0 1992.0 1.06 1.13 0.93
