; Data taken from arxiv1410.8857 
; systematics
syst_statmc+  +0.81 +0.64 +0.46 +0.39 +0.40 +0.44 +0.44 +0.42 +0.40 +0.52 +0.57 +0.65 +0.52 +0.50 +0.40 +0.32 +0.30 +0.32 +0.28 +0.26 +0.28 +0.30 +0.34 +0.45 +0.33 +0.50
syst_statmc-  -0.81 -0.64 -0.46 -0.39 -0.40 -0.44 -0.44 -0.42 -0.40 -0.52 -0.57 -0.65 -0.52 -0.50 -0.40 -0.32 -0.30 -0.32 -0.28 -0.26 -0.28 -0.30 -0.34 -0.45 -0.33 -0.50
syst_sys1+ 3.1 3.2 3.3 3.3 3.5 3.6 3.7 3.9 4.1 4.2 4.2 4.1 4.1 4.0 4.4 4.7 5.2 5.6 5.8 6.1 6.6 6.9 6.9 7.5 8.1 9.1
syst_sys1- -3.1 -3.0 -3.0 -3.2 -3.3 -3.6 -3.9 -4.0 -3.9 -3.9 -4.0 -4.0 -4.1 -4.2 -4.1 -4.4 -4.9 -5.1 -5.6 -6.0 -6.2 -6.6 -6.8 -7.1 -7.3 -8.9
syst_sys2+ 1.1 0.9 0.7 0.6 0.5 0.4 0.4 0.3 0.3 0.2 0.2 0.1 0.1 0.1 0.1 0.1 0.1 0.1 0.1 0.1 0.1 0.1 0.1 0.1 0.1 0.1
syst_sys2- -1.0 -0.8 -0.6 -0.6 -0.5 -0.4 -0.4 -0.3 -0.3 -0.2 -0.2 -0.2 -0.1 -0.1 -0.1 -0.1 -0.1 -0.1 -0.1 -0.1 -0.1 -0.1 -0.1 -0.1 -0.1 -0.0
syst_sys3+ 0.1 0.0 0.0 0.0 0.0 0.0 0.0 0.0 0.0 0.0 0.0 0.0 0.0 0.0 0.0 0.0 0.0 0.0 0.0 0.0 0.0 0.0 0.0 0.0 0.0 0.0
syst_sys3- -0.0 -0.0 -0.0 -0.0 -0.0 -0.0 -0.0 -0.0 -0.0 -0.0 -0.0 -0.0 -0.0 -0.0 -0.0 -0.0 -0.0 -0.0 -0.0 -0.0 -0.0 -0.0 -0.0 -0.0 -0.0 -0.0
syst_sys4+ 0.6 0.4 0.3 0.3 0.3 0.2 0.2 0.2 0.1 0.1 0.1 0.1 0.1 0.1 0.1 0.0 0.1 0.1 0.1 0.1 0.1 0.1 0.1 0.1 0.1 0.1
syst_sys4- -0.5 -0.4 -0.3 -0.3 -0.3 -0.2 -0.2 -0.2 -0.1 -0.1 -0.1 -0.1 -0.1 -0.1 -0.1 -0.1 -0.1 -0.0 -0.1 -0.1 -0.1 -0.1 -0.1 -0.1 -0.1 -0.2
syst_sys5+ 1.9 1.7 1.4 1.3 1.1 1.0 0.8 0.7 0.6 0.5 0.4 0.4 0.3 0.3 0.3 0.2 0.2 0.2 0.2 0.2 0.2 0.2 0.3 0.3 0.3 0.5
syst_sys5- -1.8 -1.5 -1.3 -1.2 -1.1 -1.0 -0.8 -0.7 -0.6 -0.5 -0.4 -0.4 -0.3 -0.3 -0.2 -0.2 -0.2 -0.2 -0.2 -0.2 -0.2 -0.2 -0.3 -0.3 -0.3 -0.7
syst_sys6+ -0.0 -0.1 -0.0 0.0 0.1 0.2 0.3 0.3 0.3 0.3 0.3 0.3 0.2 0.2 0.1 0.1 0.1 0.1 0.1 0.1 0.1 0.1 0.1 0.1 0.1 0.1
syst_sys6- 0.0 0.0 0.1 -0.0 -0.1 -0.2 -0.3 -0.3 -0.3 -0.3 -0.3 -0.2 -0.2 -0.2 -0.1 -0.1 -0.1 -0.1 -0.1 -0.1 -0.1 -0.1 -0.1 -0.1 -0.1 -0.0
syst_sys7+ 0.1 0.0 0.0 0.0 0.0 0.0 0.0 0.0 0.0 0.0 0.0 0.0 0.0 0.0 0.0 0.0 0.0 0.0 0.0 0.0 0.0 0.0 0.0 0.0 0.0 0.0
syst_sys7- -0.1 -0.0 -0.0 -0.0 -0.0 -0.0 -0.0 -0.0 -0.0 -0.0 -0.0 -0.0 -0.0 -0.0 -0.0 -0.0 -0.0 -0.0 -0.0 -0.0 -0.0 -0.0 -0.0 -0.0 -0.0 -0.0
syst_sys8+ 0.9 0.7 0.6 0.5 0.4 0.4 0.4 0.4 0.4 0.3 0.3 0.3 0.4 0.3 0.3 0.3 0.4 0.4 0.4 0.4 0.5 0.5 0.6 0.6 0.7 1.0
syst_sys8- -0.8 -0.6 -0.5 -0.5 -0.4 -0.4 -0.4 -0.4 -0.3 -0.3 -0.3 -0.3 -0.3 -0.3 -0.3 -0.3 -0.3 -0.4 -0.4 -0.4 -0.5 -0.6 -0.6 -0.7 -0.7 -1.2
syst_sys9+ 0.1 0.1 0.1 0.1 0.1 0.1 0.1 0.1 0.1 0.1 0.1 0.1 0.1 0.1 0.1 0.1 0.1 0.1 0.1 0.1 0.1 0.1 0.1 0.1 0.1 0.1
syst_sys9- -0.1 -0.1 -0.1 -0.1 -0.1 -0.1 -0.1 -0.1 -0.1 -0.1 -0.1 -0.1 -0.1 -0.1 -0.1 -0.1 -0.1 -0.1 -0.1 -0.1 -0.1 -0.1 -0.1 -0.1 -0.1 -0.1
syst_sys10+ 0.6 0.5 0.4 0.4 0.4 0.3 0.3 0.2 0.2 0.1 0.1 0.1 0.1 0.1 0.1 0.1 0.1 0.1 0.1 0.1 0.1 0.1 0.1 0.1 0.1 0.2
syst_sys10- -0.5 -0.4 -0.4 -0.4 -0.4 -0.3 -0.3 -0.2 -0.2 -0.1 -0.1 -0.1 -0.1 -0.1 -0.1 -0.1 -0.1 -0.1 -0.1 -0.1 -0.1 -0.1 -0.1 -0.1 -0.1 -0.2
syst_sys11+ 0.5 0.4 0.3 0.3 0.3 0.3 0.2 0.3 0.3 0.3 0.3 0.3 0.3 0.3 0.3 0.3 0.3 0.3 0.4 0.4 0.4 0.5 0.6 0.6 0.7 1.0
syst_sys11- -0.4 -0.3 -0.3 -0.3 -0.3 -0.3 -0.3 -0.3 -0.3 -0.3 -0.3 -0.3 -0.3 -0.3 -0.3 -0.3 -0.3 -0.3 -0.4 -0.4 -0.5 -0.6 -0.6 -0.6 -0.7 -1.2
syst_sys12+ 1.2 1.1 1.0 0.9 0.8 0.8 0.8 0.8 0.8 0.8 0.9 0.9 1.0 0.9 0.9 0.9 0.9 0.8 0.8 0.8 0.7 0.7 0.7 0.7 0.8 0.9
syst_sys12- -1.1 -1.0 -0.9 -0.9 -0.8 -0.8 -0.8 -0.8 -0.8 -0.8 -0.8 -0.9 -0.9 -0.9 -0.9 -0.9 -0.8 -0.8 -0.8 -0.8 -0.8 -0.8 -0.8 -0.8 -0.7 -1.1
syst_sys13+ 0.9 0.7 0.6 0.5 0.5 0.5 0.6 0.6 0.7 0.8 0.8 0.9 1.0 1.0 1.0 1.1 1.2 1.3 1.4 1.5 1.6 1.7 1.8 1.9 2.0 2.6
syst_sys13- -0.8 -0.7 -0.5 -0.5 -0.5 -0.5 -0.6 -0.6 -0.7 -0.7 -0.8 -0.9 -0.9 -0.9 -1.0 -1.0 -1.1 -1.2 -1.4 -1.5 -1.6 -1.8 -1.9 -1.9 -2.0 -2.8
syst_sys14+ -0.0 0.0 0.0 0.1 0.1 0.1 0.1 0.1 0.1 0.1 0.1 0.1 0.1 0.1 0.1 0.1 0.1 0.1 0.1 0.1 0.1 0.1 0.2 0.2 0.2 0.3
syst_sys14- 0.0 -0.0 -0.0 -0.1 -0.1 -0.1 -0.1 -0.1 -0.1 -0.1 -0.1 -0.1 -0.1 -0.1 -0.1 -0.1 -0.1 -0.1 -0.1 -0.1 -0.1 -0.2 -0.2 -0.2 -0.2 -0.4
syst_sys15+ -0.0 0.0 0.0 0.0 0.0 0.1 0.1 0.1 0.1 0.1 0.1 0.1 0.2 0.2 0.2 0.2 0.2 0.3 0.4 0.5 0.7 0.8 1.0 1.1 1.2 1.9
syst_sys15- 0.0 -0.0 -0.0 -0.0 -0.0 -0.1 -0.1 -0.1 -0.1 -0.1 -0.1 -0.2 -0.2 -0.2 -0.2 -0.2 -0.2 -0.3 -0.4 -0.5 -0.7 -0.9 -1.0 -1.1 -1.2 -2.0
syst_sys16+ -0.0 -0.0 -0.0 0.0 0.0 0.1 0.1 0.2 0.2 0.2 0.3 0.3 0.4 0.4 0.4 0.5 0.5 0.6 0.8 1.0 1.2 1.4 1.6 1.8 2.0 2.9
syst_sys16- 0.0 0.0 0.0 -0.0 -0.0 -0.1 -0.1 -0.2 -0.2 -0.2 -0.3 -0.3 -0.3 -0.4 -0.4 -0.5 -0.5 -0.6 -0.8 -1.0 -1.2 -1.4 -1.6 -1.8 -2.0 -3.0
syst_sys17+ 0.0 -0.0 -0.0 -0.0 -0.0 -0.0 0.0 0.1 0.1 0.2 0.3 0.3 0.4 0.4 0.4 0.5 0.6 0.9 1.2 1.7 2.2 2.7 3.2 3.7 4.2 6.5
syst_sys17- -0.0 0.0 0.0 0.0 0.0 0.0 -0.0 -0.1 -0.1 -0.2 -0.3 -0.3 -0.4 -0.4 -0.4 -0.5 -0.6 -0.9 -1.2 -1.7 -2.2 -2.7 -3.2 -3.7 -4.2 -6.5
syst_sys18+ -0.0 0.0 0.0 0.1 0.1 0.2 0.2 0.2 0.3 0.3 0.3 0.3 0.3 0.3 0.3 0.3 0.3 0.4 0.6 0.8 1.0 1.3 1.6 1.8 2.1 3.4
syst_sys18- 0.0 -0.0 -0.0 -0.1 -0.1 -0.2 -0.2 -0.2 -0.3 -0.3 -0.3 -0.3 -0.3 -0.3 -0.3 -0.3 -0.3 -0.4 -0.6 -0.8 -1.1 -1.4 -1.6 -1.9 -2.1 -3.5
syst_sys19+ -0.0 -0.0 0.0 0.0 0.1 0.1 0.1 0.2 0.2 0.3 0.4 0.4 0.5 0.5 0.5 0.5 0.6 0.7 0.8 0.9 1.1 1.3 1.4 1.6 1.7 2.5
syst_sys19- 0.0 0.0 -0.0 -0.0 -0.1 -0.1 -0.2 -0.2 -0.2 -0.3 -0.4 -0.4 -0.4 -0.4 -0.5 -0.5 -0.6 -0.7 -0.8 -1.0 -1.1 -1.3 -1.5 -1.6 -1.7 -2.7
syst_sys20+ -0.0 0.0 0.0 0.0 0.1 0.1 0.2 0.3 0.4 0.4 0.4 0.5 0.5 0.5 0.6 0.8 1.1 1.6 2.3 3.2 4.2 5.2 6.2 7.0 8.0 12
syst_sys20- 0.0 -0.0 -0.0 -0.1 -0.1 -0.2 -0.3 -0.3 -0.4 -0.4 -0.4 -0.5 -0.5 -0.5 -0.6 -0.7 -1.1 -1.6 -2.4 -3.3 -4.3 -5.2 -6.1 -6.8 -7.6 -12
syst_sys21+ -0.0 -0.0 0.0 0.0 0.1 0.1 0.2 0.2 0.3 0.3 0.3 0.3 0.3 0.3 0.4 0.4 0.5 0.6 0.8 0.9 1.1 1.3 1.4 1.6 1.7 2.4
syst_sys21- 0.0 0.0 -0.0 -0.1 -0.1 -0.2 -0.2 -0.2 -0.2 -0.3 -0.3 -0.3 -0.3 -0.3 -0.4 -0.4 -0.5 -0.6 -0.8 -1.0 -1.2 -1.3 -1.5 -1.6 -1.7 -2.6
syst_sys22+ 0.1 0.0 0.0 0.0 0.0 0.0 0.0 0.0 0.0 0.0 0.0 0.0 0.0 0.0 0.0 0.0 0.0 0.0 0.0 0.0 0.0 0.0 0.0 0.0 0.0 0.0
syst_sys22- -0.0 -0.0 -0.0 -0.0 -0.0 -0.0 -0.0 -0.0 -0.0 -0.0 -0.0 -0.0 -0.0 -0.0 -0.0 -0.0 -0.0 -0.0 -0.0 -0.0 -0.0 -0.0 -0.0 -0.0 -0.0 -0.0
syst_sys23+ 0.1 0.0 0.0 0.0 0.0 0.0 0.0 0.0 0.0 0.0 0.0 0.0 0.0 0.0 0.0 0.0 0.0 0.0 0.0 0.0 0.0 0.0 0.0 0.0 0.0 0.0
syst_sys23- -0.0 -0.0 -0.0 -0.0 -0.0 -0.0 -0.0 -0.0 -0.0 -0.0 -0.0 -0.0 -0.0 -0.0 -0.0 -0.0 -0.0 -0.0 -0.0 -0.0 -0.0 -0.0 -0.0 -0.0 -0.0 -0.0
syst_sys24+ 0.1 0.0 0.0 0.0 0.0 0.0 0.0 0.0 0.0 0.0 0.0 0.0 0.0 0.0 0.0 0.0 0.0 0.1 0.1 0.1 0.1 0.1 0.1 0.1 0.2 0.2
syst_sys24- -0.0 -0.0 -0.0 -0.0 -0.0 -0.0 -0.0 -0.0 -0.0 -0.1 -0.1 -0.1 -0.1 -0.0 -0.0 -0.0 -0.0 -0.1 -0.1 -0.1 -0.1 -0.1 -0.1 -0.2 -0.2 -0.3
syst_sys25+ 0.1 0.1 0.0 0.0 0.0 0.0 0.0 0.0 0.0 0.0 0.0 0.0 0.0 0.0 0.0 0.0 0.0 0.0 0.0 0.0 0.0 0.0 0.0 0.0 0.0 0.0
syst_sys25- -0.1 -0.1 -0.0 -0.0 -0.0 -0.0 -0.0 -0.0 -0.0 -0.0 -0.0 -0.0 -0.0 -0.0 -0.0 -0.0 -0.0 -0.0 -0.0 -0.0 -0.0 -0.0 -0.0 -0.0 -0.0 -0.0
syst_sys26+ 0.1 0.1 0.0 0.0 0.0 0.0 0.0 0.0 0.0 0.0 0.0 0.0 0.0 0.0 0.0 0.0 0.0 0.0 0.0 0.0 0.0 0.1 0.1 0.1 0.1 0.2
syst_sys26- -0.1 -0.1 -0.0 -0.0 -0.0 -0.0 -0.0 -0.0 -0.0 -0.0 -0.0 -0.0 -0.0 -0.0 -0.0 -0.0 -0.0 -0.0 -0.0 -0.0 -0.0 -0.0 -0.1 -0.1 -0.1 -0.2
syst_sys27+ 0.4 0.2 0.1 0.1 0.0 0.0 0.0 0.0 0.0 0.0 0.0 0.0 0.0 0.0 0.0 0.0 0.0 0.0 0.0 0.0 0.0 0.0 0.0 0.0 0.0 0.0
syst_sys27- -0.3 -0.2 -0.1 -0.1 -0.0 -0.0 -0.0 -0.0 -0.0 -0.0 -0.0 -0.0 -0.0 -0.0 -0.0 -0.0 -0.0 -0.0 -0.0 -0.0 -0.0 -0.0 -0.0 -0.0 -0.0 -0.0
syst_sys28+ 0.6 0.3 0.2 0.1 0.1 0.1 0.0 0.0 0.0 0.0 0.0 0.0 0.0 0.0 0.0 0.0 0.0 0.0 0.0 0.0 0.0 0.1 0.1 0.1 0.1 0.1
syst_sys28- -0.5 -0.3 -0.2 -0.1 -0.1 -0.1 -0.1 -0.0 -0.0 -0.0 -0.0 -0.0 -0.0 -0.0 -0.0 -0.0 -0.0 -0.0 -0.0 -0.0 -0.0 -0.1 -0.1 -0.1 -0.1 -0.1
syst_sys29+ 0.7 0.5 0.4 0.2 0.2 0.1 0.1 0.1 0.1 0.0 0.0 0.0 0.0 0.0 0.0 0.0 0.0 0.0 0.0 0.0 0.1 0.1 0.1 0.1 0.1 0.1
syst_sys29- -0.5 -0.4 -0.3 -0.3 -0.2 -0.1 -0.1 -0.1 -0.1 -0.0 -0.0 -0.0 -0.0 -0.0 -0.0 -0.0 -0.0 -0.0 -0.0 -0.0 -0.1 -0.1 -0.1 -0.1 -0.1 -0.1
syst_sys30+ 0.4 0.4 0.4 0.4 0.3 0.3 0.2 0.2 0.1 0.1 0.1 0.1 0.1 0.1 0.1 0.0 0.0 0.0 0.0 0.0 0.1 0.1 0.1 0.1 0.1 0.1
syst_sys30- -0.3 -0.4 -0.4 -0.4 -0.3 -0.3 -0.2 -0.2 -0.1 -0.1 -0.1 -0.1 -0.1 -0.1 -0.1 -0.0 -0.0 -0.0 -0.0 -0.0 -0.0 -0.1 -0.1 -0.1 -0.1 -0.1
syst_sys31+ 0.0 0.1 0.3 0.4 0.4 0.4 0.4 0.3 0.2 0.1 0.1 0.1 0.1 0.1 0.1 0.1 0.0 0.1 0.1 0.1 0.1 0.1 0.1 0.2 0.2 0.3
syst_sys31- -0.0 -0.1 -0.2 -0.4 -0.5 -0.4 -0.4 -0.3 -0.2 -0.2 -0.1 -0.1 -0.1 -0.1 -0.1 -0.1 -0.0 -0.0 -0.0 -0.1 -0.1 -0.1 -0.1 -0.2 -0.2 -0.4
syst_sys32+ -0.0 -0.0 -0.0 0.0 0.1 0.1 0.2 0.2 0.2 0.2 0.2 0.1 0.1 0.1 0.1 0.1 0.1 0.1 0.1 0.1 0.1 0.0 0.0 0.0 0.0 0.0
syst_sys32- 0.0 0.0 0.0 -0.0 -0.1 -0.1 -0.2 -0.2 -0.2 -0.2 -0.2 -0.2 -0.1 -0.1 -0.1 -0.1 -0.1 -0.1 -0.1 -0.1 -0.1 -0.0 -0.0 -0.0 -0.0 -0.0
syst_sys33+ 0.0 0.0 0.0 0.0 0.0 0.0 0.0 0.0 0.0 0.0 0.0 0.0 0.0 0.0 0.0 0.0 0.0 0.0 0.0 0.0 0.0 0.0 0.0 0.0 0.0 0.0
syst_sys33- -0.0 -0.0 -0.0 -0.0 -0.0 -0.0 -0.0 -0.0 -0.0 -0.0 -0.0 -0.0 -0.0 -0.0 -0.0 -0.0 -0.0 -0.0 -0.0 -0.0 -0.0 -0.0 -0.0 -0.0 -0.0 -0.0
syst_sys34+ 0.0 0.0 0.0 0.0 0.0 0.0 0.0 0.0 0.0 0.0 0.0 0.0 0.0 0.0 0.0 0.0 0.0 0.0 0.0 0.0 0.0 0.0 0.0 0.0 0.0 0.0
syst_sys34- -0.0 -0.0 -0.0 -0.0 -0.0 -0.0 -0.0 -0.0 -0.0 -0.0 -0.0 -0.0 -0.0 -0.0 -0.0 -0.0 -0.0 -0.0 -0.0 -0.0 -0.0 -0.0 -0.0 -0.0 -0.0 -0.0
syst_sys35+ 0.1 0.1 0.0 0.0 0.0 0.0 0.0 0.0 0.0 0.0 0.0 0.0 0.0 0.0 0.0 0.0 0.0 0.0 0.0 0.0 0.0 0.0 0.0 0.0 0.0 0.0
syst_sys35- -0.1 -0.1 -0.0 -0.0 -0.0 -0.0 -0.0 -0.0 -0.0 -0.0 -0.0 -0.0 -0.0 -0.0 -0.0 -0.0 -0.0 -0.0 -0.0 -0.0 -0.0 -0.0 -0.0 -0.0 -0.0 -0.0
syst_sys36+ 0.1 0.1 0.0 0.0 0.0 0.0 0.0 0.0 0.0 0.0 0.0 0.0 0.0 0.0 0.0 0.0 0.0 0.0 0.0 0.0 0.0 0.0 0.0 0.0 0.0 0.0
syst_sys36- -0.1 -0.0 -0.0 -0.0 -0.0 -0.0 -0.0 -0.0 -0.0 -0.0 -0.0 -0.0 -0.0 -0.0 -0.0 -0.0 -0.0 -0.0 -0.0 -0.0 -0.0 -0.0 -0.0 -0.0 -0.0 -0.0
syst_sys37+ 0.1 0.1 0.1 0.1 0.1 0.1 0.1 0.0 0.0 0.0 0.0 0.0 0.0 0.0 0.0 0.0 0.0 0.0 0.0 0.0 0.0 0.0 0.1 0.1 0.1 0.1
syst_sys37- -0.1 -0.1 -0.1 -0.1 -0.1 -0.1 -0.1 -0.0 -0.0 -0.0 -0.0 -0.0 -0.0 -0.0 -0.0 -0.0 -0.0 -0.0 -0.0 -0.0 -0.0 -0.0 -0.0 -0.1 -0.1 -0.1
syst_sys38+ 0.0 0.0 0.0 0.1 0.1 0.1 0.1 0.1 0.1 0.0 0.0 0.0 0.0 0.0 0.0 0.0 0.0 0.0 0.0 0.0 0.0 0.0 0.0 0.0 0.0 0.0
syst_sys38- -0.0 -0.0 -0.0 -0.1 -0.1 -0.1 -0.1 -0.1 -0.1 -0.1 -0.0 -0.0 -0.0 -0.0 -0.0 -0.0 -0.0 -0.0 -0.0 -0.0 -0.0 -0.0 -0.0 -0.0 -0.0 -0.0
syst_sys39+ -0.0 -0.0 -0.0 0.0 0.1 0.1 0.1 0.2 0.1 0.1 0.1 0.1 0.1 0.1 0.1 0.0 0.0 0.0 0.0 0.0 0.0 0.0 0.0 0.0 0.0 0.0
syst_sys39- 0.0 0.0 0.0 -0.0 -0.1 -0.1 -0.1 -0.1 -0.1 -0.1 -0.1 -0.1 -0.1 -0.1 -0.1 -0.0 -0.0 -0.0 -0.0 -0.0 -0.0 -0.0 -0.0 -0.0 -0.0 -0.0
syst_sys40+ -0.0 -0.0 -0.0 -0.0 -0.0 0.0 0.1 0.2 0.2 0.2 0.2 0.2 0.2 0.1 0.1 0.1 0.1 0.1 0.1 0.1 0.1 0.1 0.1 0.1 0.0 0.0
syst_sys40- 0.0 0.0 0.0 0.0 0.0 -0.1 -0.1 -0.2 -0.2 -0.2 -0.2 -0.2 -0.2 -0.1 -0.1 -0.1 -0.1 -0.1 -0.1 -0.1 -0.1 -0.1 -0.1 -0.1 -0.0 -0.0
syst_sys41+ 0.0 0.0 -0.0 -0.0 -0.0 -0.0 0.0 0.0 0.1 0.1 0.2 0.2 0.3 0.2 0.2 0.2 0.2 0.2 0.2 0.2 0.2 0.2 0.2 0.2 0.2 0.3
syst_sys41- -0.0 -0.0 0.0 0.0 0.0 0.0 -0.0 -0.0 -0.1 -0.2 -0.2 -0.2 -0.2 -0.2 -0.2 -0.2 -0.2 -0.2 -0.2 -0.2 -0.2 -0.2 -0.2 -0.2 -0.2 -0.4
syst_sys42+ 0.0 0.0 0.0 -0.0 -0.0 -0.0 -0.0 -0.0 -0.0 0.0 0.1 0.2 0.3 0.4 0.4 0.4 0.4 0.4 0.5 0.5 0.6 0.6 0.7 0.8 0.9 1.2
syst_sys42- -0.0 -0.0 -0.0 0.0 0.0 0.0 0.0 0.0 0.0 -0.0 -0.1 -0.2 -0.3 -0.4 -0.4 -0.4 -0.4 -0.4 -0.5 -0.5 -0.6 -0.7 -0.8 -0.8 -0.8 -1.4
syst_sys43+ 0.0 0.0 0.0 0.0 0.0 0.0 -0.0 -0.0 -0.0 -0.0 -0.0 0.0 0.1 0.2 0.4 0.5 0.5 0.5 0.4 0.4 0.3 0.3 0.3 0.3 0.4 0.7
syst_sys43- -0.0 -0.0 -0.0 -0.0 -0.0 -0.0 0.0 0.0 0.0 0.1 0.0 -0.0 -0.1 -0.3 -0.4 -0.5 -0.5 -0.5 -0.4 -0.4 -0.3 -0.3 -0.3 -0.3 -0.3 -0.8
syst_sys44+ 0.0 0.0 0.0 0.0 0.0 0.0 0.0 0.0 -0.0 -0.0 -0.0 -0.0 -0.1 -0.1 0.0 0.2 0.4 0.7 0.9 1.2 1.4 1.5 1.6 1.7 1.7 2.0
syst_sys44- -0.0 -0.0 -0.0 -0.0 -0.0 -0.0 -0.0 -0.0 0.0 0.0 0.0 0.0 0.1 0.0 -0.0 -0.1 -0.4 -0.7 -0.9 -1.2 -1.4 -1.6 -1.7 -1.7 -1.7 -2.1
syst_sys45+ 0.0 0.0 0.0 0.0 0.0 0.0 0.0 0.0 0.0 0.0 0.0 0.0 0.0 0.0 0.0 0.0 0.0 0.0 0.0 0.0 0.0 0.0 0.0 0.0 0.0 0.0
syst_sys45- -0.0 -0.0 -0.0 -0.0 -0.0 -0.0 -0.0 -0.0 -0.0 -0.0 -0.0 -0.0 -0.0 -0.0 -0.0 -0.0 -0.0 -0.0 -0.0 -0.0 -0.0 -0.0 -0.0 -0.0 -0.0 -0.0
syst_sys46+ 0.0 0.0 0.0 0.0 0.0 0.0 0.0 0.0 -0.0 -0.0 -0.0 -0.0 -0.0 -0.0 -0.0 -0.0 -0.0 -0.0 -0.0 -0.0 -0.0 -0.0 -0.0 -0.0 -0.0 -0.0
syst_sys46- -0.0 -0.0 -0.0 -0.0 -0.0 -0.0 -0.0 -0.0 0.0 0.0 0.0 0.0 0.0 0.0 0.0 0.0 0.0 0.0 0.0 0.0 0.0 0.0 0.0 0.0 0.0 0.0
syst_sys47+ -0.0 0.0 0.0 0.0 0.0 0.0 0.0 0.0 0.0 0.0 0.0 0.0 0.0 0.0 0.0 0.0 0.0 0.0 0.0 0.0 0.0 0.0 0.0 0.0 0.0 0.0
syst_sys47- 0.0 -0.0 -0.0 -0.0 -0.0 -0.0 -0.0 -0.0 -0.0 -0.0 -0.0 -0.0 -0.0 -0.0 -0.0 -0.0 -0.0 -0.0 -0.0 -0.0 -0.0 -0.0 -0.0 -0.0 -0.0 -0.0
syst_sys48+ -0.0 -0.0 -0.0 -0.0 -0.0 -0.0 -0.0 -0.0 -0.0 0.0 0.0 0.0 0.1 0.1 0.1 0.1 0.1 0.1 0.0 0.0 0.0 0.0 0.0 0.0 0.0 0.0
syst_sys48- 0.0 0.0 0.0 0.0 0.0 0.0 0.0 0.0 0.0 -0.0 -0.0 -0.0 -0.1 -0.1 -0.1 -0.1 -0.1 -0.1 -0.0 -0.0 -0.0 -0.0 -0.0 -0.0 -0.0 -0.0
syst_sys49+ -0.0 -0.0 -0.0 -0.0 -0.0 -0.0 -0.0 -0.0 0.0 0.0 0.0 0.0 0.0 0.0 0.0 0.0 0.0 0.0 0.0 0.0 0.0 0.0 0.0 0.0 0.0 0.0
syst_sys49- 0.0 0.0 0.0 0.0 0.0 0.0 0.0 0.0 -0.0 -0.0 -0.0 -0.0 -0.0 -0.0 -0.0 -0.0 -0.0 -0.0 -0.0 -0.0 -0.0 -0.0 -0.0 -0.0 -0.0 -0.0
syst_sys50+ 0.0 0.0 0.0 0.0 0.0 0.0 0.0 0.0 0.0 0.0 0.0 0.0 0.0 0.0 0.0 0.0 0.0 0.1 0.1 0.1 0.1 0.1 0.1 0.1 0.1 0.1
syst_sys50- -0.0 -0.0 -0.0 -0.0 -0.0 -0.0 -0.0 -0.0 -0.0 -0.0 -0.0 -0.0 -0.0 -0.0 -0.0 -0.0 -0.0 -0.1 -0.1 -0.1 -0.1 -0.1 -0.1 -0.1 -0.1 -0.1
syst_sys51+ 0.0 0.0 0.0 0.0 0.0 0.0 0.0 0.0 0.0 0.0 0.0 -0.0 -0.0 -0.0 -0.0 -0.0 0.0 0.0 0.1 0.2 0.3 0.4 0.5 0.6 0.7 1.1
syst_sys51- -0.0 -0.0 -0.0 -0.0 -0.0 -0.0 -0.0 -0.0 -0.0 -0.0 -0.0 0.0 0.0 0.0 0.0 0.0 -0.0 -0.0 -0.1 -0.2 -0.3 -0.4 -0.5 -0.6 -0.7 -1.2
syst_sys52+ 0.0 0.0 0.0 0.0 0.0 0.0 0.0 0.0 0.0 0.0 0.0 0.0 -0.0 -0.0 -0.0 -0.0 -0.0 -0.0 0.0 0.1 0.1 0.2 0.3 0.5 0.6 1.2
syst_sys52- -0.0 -0.0 -0.0 -0.0 -0.0 -0.0 -0.0 -0.0 -0.0 -0.0 -0.0 -0.0 0.0 0.0 0.0 0.0 0.0 0.0 -0.0 -0.1 -0.2 -0.3 -0.4 -0.5 -0.6 -1.4
syst_sys53+ 0.0 0.0 0.0 0.0 0.0 0.0 0.0 0.0 0.0 0.0 0.0 0.0 -0.0 -0.0 -0.0 -0.0 -0.0 -0.0 0.0 0.0 0.0 0.1 0.1 0.1 0.2 0.3
syst_sys53- -0.0 -0.0 -0.0 -0.0 -0.0 -0.0 -0.0 -0.0 -0.0 -0.0 -0.0 -0.0 0.0 0.0 0.0 0.0 0.0 0.0 -0.0 -0.0 -0.0 -0.1 -0.1 -0.1 -0.1 -0.4
syst_sys54+ 0.0 0.0 0.0 0.0 0.0 0.0 0.0 0.0 0.0 0.0 0.0 0.0 0.0 0.0 0.0 0.0 0.0 0.0 0.0 0.0 0.0 0.0 0.0 0.0 0.0 0.0
syst_sys54- 0.0 0.0 0.0 0.0 0.0 0.0 0.0 0.0 0.0 0.0 0.0 0.0 0.0 0.0 0.0 0.0 0.0 0.0 0.0 0.0 0.0 0.0 0.0 0.0 0.0 0.0
syst_sys55+ 0.7 0.6 0.5 0.5 0.4 0.4 0.3 0.4 0.3 0.3 0.3 0.3 0.4 0.3 0.3 0.3 0.4 0.3 0.5 0.5 0.4 0.6 0.7 0.9 1.0 1.6
syst_sys55- -0.6 -0.5 -0.5 -0.5 -0.5 -0.4 -0.4 -0.3 -0.3 -0.3 -0.3 -0.3 -0.3 -0.3 -0.3 -0.3 -0.4 -0.4 -0.4 -0.4 -0.6 -0.7 -0.8 -0.8 -0.9 -1.8
syst_sys56+ 5.1 5.5 5.7 5.7 5.8 5.6 5.4 5.1 4.7 4.4 4.2 4.0 3.9 3.7 3.6 3.4 3.3 3.1 2.9 2.8 2.8 2.8 2.8 2.8 2.9 2.8
syst_sys56- -5.2 -5.5 -5.6 -5.5 -5.4 -5.4 -5.2 -4.9 -4.4 -4.0 -3.8 -3.7 -3.7 -3.6 -3.4 -3.2 -3.1 -2.9 -2.8 -2.8 -2.7 -2.7 -2.8 -2.8 -2.8 -3.0
syst_sys57+ 0.0 0.0 0.0 0.0 0.0 0.0 0.0 0.0 0.0 0.0 0.0 0.0 0.0 0.0 0.0 0.0 0.0 0.0 0.0 0.0 0.0 0.0 0.0 -0.0 -0.3 1.1
syst_sys57- -0.0 -0.0 -0.0 -0.0 -0.0 -0.0 -0.0 -0.0 -0.0 -0.0 -0.0 -0.0 -0.0 -0.0 -0.0 -0.0 -0.0 -0.0 -0.0 -0.0 -0.0 -0.0 -0.0 0.0 0.4 -1.3
syst_sys58+ -3.4 -3.1 -2.7 -2.4 -2.3 -2.2 -1.9 -1.7 -1.6 -1.7 -1.7 -1.6 -1.3 -0.7 -0.3 -0.1 -0.3 -0.6 -0.9 -1.0 -1.0 -1.0 -0.9 -0.8 -0.7 1.3
syst_sys58- 3.4 3.3 2.9 2.6 2.4 2.2 1.9 1.8 1.7 1.7 1.7 1.6 1.4 0.8 0.3 0.1 0.3 0.6 0.9 1.0 1.0 0.9 0.9 0.8 0.7 -1.5
syst_sys59+ -0.8 -0.7 -0.5 -0.5 -0.5 -0.5 -0.4 -0.4 -0.4 -0.4 -0.4 -0.4 -0.4 -0.3 -0.2 -0.1 -0.1 -0.0 -0.0 -0.0 -0.0 -0.0 -0.0 -0.0 -0.0 -0.0
syst_sys59- 0.9 0.7 0.6 0.5 0.5 0.5 0.4 0.4 0.4 0.4 0.4 0.5 0.5 0.4 0.2 0.1 0.1 0.0 0.0 0.0 0.0 0.0 0.0 0.0 0.0 0.0
syst_sys60+ -1.7 -1.4 -1.2 -1.1 -1.1 -1.0 -0.9 -0.8 -0.8 -0.9 -0.9 -1.0 -1.0 -0.7 -0.4 -0.1 0.1 0.1 0.1 0.1 0.1 0.1 0.1 0.1 0.1 0.1
syst_sys60- 1.7 1.6 1.3 1.2 1.1 1.0 0.9 0.9 0.9 0.9 1.0 1.1 1.1 0.8 0.5 0.2 -0.0 -0.1 -0.1 -0.1 -0.1 -0.1 -0.1 -0.1 -0.1 -0.2
syst_sys61+ 1.4 1.3 1.1 1.0 0.9 1.0 1.0 1.1 1.1 1.1 1.0 0.9 0.7 0.5 0.3 0.1 0.0 0.0 -0.0 -0.0 -0.0 -0.0 -0.0 -0.0 -0.0 0.0
syst_sys61- -1.5 -1.2 -1.0 -0.9 -0.8 -0.9 -1.1 -1.1 -1.1 -1.1 -1.0 -0.9 -0.7 -0.5 -0.3 -0.1 -0.0 -0.0 0.0 0.0 0.0 0.0 0.0 0.0 0.0 0.0
syst_sys62+ 0.6 0.5 0.4 0.3 0.3 0.3 0.3 0.3 0.2 0.2 0.2 0.2 0.2 0.2 0.2 0.2 0.2 0.2 0.2 0.2 0.2 0.2 0.1 0.1 0.1 0.1
syst_sys62- -0.5 -0.4 -0.3 -0.3 -0.3 -0.3 -0.3 -0.3 -0.2 -0.2 -0.2 -0.2 -0.2 -0.2 -0.2 -0.2 -0.2 -0.2 -0.2 -0.2 -0.2 -0.2 -0.1 -0.1 -0.1 -0.1
syst_sys63+ 6.8 6.1 5.6 5.1 4.6 4.2 3.8 3.5 3.2 2.9 2.6 2.3 2.0 1.8 1.6 1.5 1.3 1.2 1.1 1.0 0.9 0.9 0.9 1.0 1.0 1.5
syst_sys63- -6.5 -5.9 -5.3 -4.8 -4.4 -4.0 -3.7 -3.4 -3.1 -2.8 -2.5 -2.2 -1.9 -1.7 -1.5 -1.4 -1.3 -1.2 -1.1 -1.0 -1.0 -0.9 -1.0 -1.0 -1.0 -1.7
syst_sys64+ 7.4 5.9 4.6 3.8 3.3 2.9 2.6 2.5 2.4 2.4 2.3 2.2 2.2 2.1 2.2 2.2 2.3 2.4 2.4 2.5 2.6 2.8 3.0 3.1 3.4 4.4
syst_sys64- -7.4 -5.9 -4.6 -3.8 -3.3 -2.9 -2.6 -2.5 -2.4 -2.4 -2.3 -2.2 -2.2 -2.1 -2.2 -2.2 -2.3 -2.4 -2.4 -2.5 -2.6 -2.8 -3.0 -3.1 -3.4 -4.4
syst_sys65+ 0.5 0.3 0.3 0.2 0.2 0.2 0.1 0.1 0.2 0.1 0.1 0.1 0.1 0.1 0.1 0.1 0.1 0.1 0.1 0.1 0.1 0.1 0.1 0.1 0.1 0.1
syst_sys65- -0.5 -0.3 -0.3 -0.2 -0.2 -0.2 -0.1 -0.1 -0.2 -0.1 -0.1 -0.1 -0.1 -0.1 -0.1 -0.1 -0.1 -0.1 -0.1 -0.1 -0.1 -0.1 -0.1 -0.1 -0.1 -0.1
syst_sys66+ 0.4 0.3 0.0 0.0 0.0 0.0 0.0 0.0 0.0 0.0 0.0 0.0 0.0 0.0 0.0 0.0 0.0 0.0 0.0 0.0 0.0 0.1 0.1 0.9 2.4 2.0
syst_sys66- -0.4 -0.3 -0.0 -0.0 -0.0 -0.0 -0.0 -0.0 -0.0 -0.0 -0.0 -0.0 -0.0 -0.0 -0.0 -0.0 -0.0 -0.0 -0.0 -0.0 -0.0 -0.1 -0.1 -0.9 -2.4 -2.0
syst_sys67+ 0.5 0.5 0.5 0.5 0.5 0.5 0.5 0.5 0.5 0.5 0.5 0.5 0.5 0.5 0.5 0.5 0.5 0.5 0.5 0.5 0.5 0.5 0.5 0.5 0.5 0.5
syst_sys67- -0.5 -0.5 -0.5 -0.5 -0.5 -0.5 -0.5 -0.5 -0.5 -0.5 -0.5 -0.5 -0.5 -0.5 -0.5 -0.5 -0.5 -0.5 -0.5 -0.5 -0.5 -0.5 -0.5 -0.5 -0.5 -0.5
syst_sys68+ 1.8 1.8 1.8 1.8 1.8 1.8 1.8 1.8 1.8 1.8 1.8 1.8 1.8 1.8 1.8 1.8 1.8 1.8 1.8 1.8 1.8 1.8 1.8 1.8 1.8 1.8
syst_sys68- -1.8 -1.8 -1.8 -1.8 -1.8 -1.8 -1.8 -1.8 -1.8 -1.8 -1.8 -1.8 -1.8 -1.8 -1.8 -1.8 -1.8 -1.8 -1.8 -1.8 -1.8 -1.8 -1.8 -1.8 -1.8 -1.8
syst_sys69+ 0.0 0.0 0.0 0.0 0.0 0.0 0.0 0.0 0.0 0.0 0.0 0.0 0.0 0.0 0.0 0.0 0.0 0.0 0.0 0.0 0.0 0.0 0.0 0.0 0.0 0.0
syst_sys69- -0.0 -0.0 -0.0 -0.0 -0.0 -0.0 -0.0 -0.0 -0.0 -0.0 -0.0 -0.0 -0.0 -0.0 -0.0 -0.0 -0.0 -0.0 -0.0 -0.0 -0.0 -0.0 -0.0 -0.0 -0.0 -0.0
;mean xmin xmax cross staterr   +syst    -syst 
108.0 100 116 4.20e+03 0.72 13.01 12.82
125.0 116 134 1.95e+03 0.84 11.75 11.59
143.0 134 152 9.37e+02 0.86 10.74 10.45
162.0 152 172 4.64e+02 0.68 10.01 9.76
183.0 172 194 2.32e+02 0.56 9.63 9.25
205.0 194 216 1.20e+02 0.71 9.18 8.96
228.0 216 240 6.36e+01 0.55 8.73 8.67
252.0 240 264 3.51e+01 0.70 8.43 8.34
277.0 264 290 1.98e+01 0.93 8.12 7.83
304.0 290 318 1.12e+01 1.2 7.92 7.50
332.0 318 346 6.37e+00 1.1 7.68 7.32
361.0 346 376 3.71e+00 0.59 7.39 7.17
392.0 376 408 2.15e+00 0.35 7.21 7.06
425.0 408 442 1.23e+00 0.39 6.79 6.84
460.0 442 478 7.13e-01 0.41 6.90 6.59
497.0 478 516 4.06e-01 0.35 7.00 6.66
536.0 516 556 2.29e-01 0.44 7.39 7.06
577.0 556 598 1.29e-01 0.58 7.80 7.35
620.0 598 642 7.17e-02 0.75 8.20 8.05
665.0 642 688 3.90e-02 0.98 8.89 8.88
712.0 688 736 2.13e-02 1.3 9.89 9.70
761.0 736 786 1.17e-02 1.7 10.87 10.73
812.0 786 838 5.96e-03 2.3 11.71 11.69
866.0 838 894 3.05e-03 3.2 12.87 12.55
953.0 894 1012 1.06e-03 4.3 14.34 13.63
1502.0 1012 1992 3.59e-05 8.8 19.14 19.36
