; Data taken from arxiv1410.8857 
; systematics
syst_statmc+  +1.1 +0.95 +0.86 +0.84 +0.97 +1.3 +1.1 +1.9 +2.4 +2.1 +2.6 +7.9
syst_statmc-  -1.1 -0.95 -0.86 -0.84 -0.97 -1.3 -1.1 -1.9 -2.4 -2.1 -2.6 -7.9
syst_sys1+ 4.4 4.2 4.2 4.8 5.6 6.2 6.8 7.9 8.5 9.6 11 16
syst_sys1- -3.8 -4.0 -4.4 -4.8 -5.2 -5.9 -6.6 -7.2 -7.1 -7.4 -10 -16
syst_sys2+ 0.6 0.5 0.5 0.5 0.4 0.4 0.4 0.4 0.3 0.2 0.2 0.0
syst_sys2- -0.5 -0.4 -0.4 -0.5 -0.5 -0.4 -0.4 -0.4 -0.3 -0.3 -0.2 -0.0
syst_sys3+ 0.2 0.2 0.2 0.1 0.1 0.1 0.1 0.1 0.0 0.0 0.0 0.0
syst_sys3- -0.2 -0.1 -0.1 -0.1 -0.1 -0.1 -0.1 -0.1 -0.0 -0.0 -0.0 -0.0
syst_sys4+ 0.3 0.3 0.3 0.3 0.3 0.2 0.2 0.2 0.2 0.1 0.1 0.0
syst_sys4- -0.3 -0.2 -0.3 -0.3 -0.2 -0.2 -0.2 -0.2 -0.1 -0.1 -0.0 -0.0
syst_sys5+ 1.9 1.7 1.5 1.6 1.7 1.6 1.6 1.5 1.3 1.0 0.8 0.4
syst_sys5- -1.6 -1.4 -1.6 -1.7 -1.7 -1.6 -1.6 -1.5 -1.2 -1.1 -0.9 -0.4
syst_sys6+ 1.2 1.1 1.0 1.1 1.1 1.1 1.1 1.1 1.0 0.8 0.6 0.4
syst_sys6- -1.3 -1.1 -1.2 -1.3 -1.2 -1.1 -1.1 -1.0 -0.9 -0.9 -0.8 -0.4
syst_sys7+ 0.2 0.1 0.1 0.0 0.0 0.0 0.0 0.0 0.0 0.0 0.0 0.0
syst_sys7- -0.2 -0.1 -0.1 -0.0 -0.0 -0.0 -0.0 -0.0 -0.0 -0.0 -0.0 -0.0
syst_sys8+ 0.7 0.6 0.6 0.6 0.6 0.6 0.6 0.7 0.7 0.6 0.6 1.6
syst_sys8- -0.6 -0.5 -0.5 -0.6 -0.7 -0.7 -0.7 -0.6 -0.6 -0.6 -0.7 -0.0
syst_sys9+ 0.0 0.1 0.1 0.1 0.1 0.1 0.1 0.1 0.1 0.1 0.1 0.1
syst_sys9- -0.1 -0.1 -0.1 -0.1 -0.1 -0.1 -0.2 -0.2 -0.2 -0.2 -0.2 -0.1
syst_sys10+ 1.1 1.2 1.4 1.6 1.8 1.9 1.9 1.9 1.6 1.3 1.0 1.1
syst_sys10- -1.1 -1.2 -1.5 -1.8 -1.8 -1.9 -1.9 -1.8 -1.5 -1.3 -1.0 -1.1
syst_sys11+ 0.4 0.4 0.4 0.5 0.4 0.4 0.5 0.5 0.5 0.5 0.4 0.3
syst_sys11- -0.3 -0.3 -0.4 -0.4 -0.5 -0.5 -0.5 -0.5 -0.5 -0.4 -0.5 -0.0
syst_sys12+ 1.0 1.0 1.0 1.1 1.2 1.2 1.4 1.6 1.6 1.6 1.7 4.4
syst_sys12- -1.0 -1.0 -1.2 -1.3 -1.3 -1.3 -1.5 -1.5 -1.4 -1.5 -1.7 -3.8
syst_sys13+ 0.8 0.7 0.7 0.7 0.8 0.9 1.0 1.3 1.4 1.4 1.7 4.5
syst_sys13- -0.6 -0.5 -0.5 -0.7 -0.8 -0.9 -1.1 -1.2 -1.3 -1.4 -1.8 -3.8
syst_sys14+ -0.0 0.0 0.0 0.0 0.0 0.1 0.1 0.1 0.1 0.1 0.1 0.1
syst_sys14- 0.0 -0.0 -0.0 -0.1 -0.1 -0.1 -0.1 -0.1 -0.1 -0.1 -0.1 -0.1
syst_sys15+ 0.0 0.0 0.0 0.0 0.0 0.0 0.0 0.0 0.0 0.1 0.1 0.0
syst_sys15- -0.0 -0.0 -0.0 -0.0 -0.0 -0.0 -0.0 -0.0 -0.0 -0.0 -0.0 -0.0
syst_sys16+ -0.0 -0.0 0.0 0.0 0.1 0.1 0.3 0.4 0.4 0.4 0.5 2.4
syst_sys16- 0.0 0.0 -0.0 -0.0 -0.1 -0.1 -0.2 -0.3 -0.4 -0.5 -0.7 -0.8
syst_sys17+ -0.0 0.0 0.1 0.2 0.2 0.3 0.5 0.7 0.7 0.8 1.0 3.8
syst_sys17- 0.0 -0.0 -0.1 -0.2 -0.2 -0.3 -0.5 -0.6 -0.7 -0.8 -0.9 -0.9
syst_sys18+ -0.0 0.0 0.1 0.1 0.2 0.3 0.5 0.5 0.5 0.5 0.4 0.3
syst_sys18- 0.0 -0.0 -0.1 -0.2 -0.2 -0.3 -0.4 -0.5 -0.5 -0.5 -0.4 -0.2
syst_sys19+ -0.0 0.0 0.0 0.1 0.2 0.3 0.5 0.6 0.7 0.7 0.8 2.4
syst_sys19- 0.0 -0.0 -0.0 -0.1 -0.2 -0.3 -0.5 -0.6 -0.6 -0.7 -0.9 -1.0
syst_sys20+ -0.0 0.0 0.0 0.1 0.2 0.3 0.5 0.8 0.9 1.0 1.2 3.7
syst_sys20- 0.0 -0.0 -0.0 -0.1 -0.1 -0.3 -0.5 -0.7 -0.8 -1.0 -1.1 -1.1
syst_sys21+ -0.0 -0.0 -0.0 0.0 0.0 0.1 0.2 0.3 0.4 0.3 0.2 0.2
syst_sys21- 0.0 0.0 0.0 -0.0 -0.1 -0.1 -0.2 -0.2 -0.2 -0.2 -0.2 -0.1
syst_sys22+ 0.0 0.0 0.0 0.0 0.0 0.0 0.0 0.0 0.0 -0.0 -0.0 -0.0
syst_sys22- -0.1 -0.1 -0.0 -0.0 -0.0 -0.0 -0.0 -0.0 -0.0 0.0 0.0 0.0
syst_sys23+ 0.0 0.0 0.0 0.0 0.0 0.0 0.0 0.0 0.0 0.0 0.0 0.0
syst_sys23- -0.1 -0.0 -0.0 -0.0 -0.0 -0.0 -0.0 -0.0 -0.0 -0.0 -0.0 -0.0
syst_sys24+ 0.0 0.0 0.0 0.0 0.0 0.0 0.0 0.0 0.0 0.0 0.0 0.0
syst_sys24- -0.0 -0.0 -0.0 -0.0 -0.0 -0.0 -0.0 -0.0 -0.0 -0.0 -0.0 -0.0
syst_sys25+ 0.0 0.0 0.0 0.0 0.0 0.0 0.0 0.0 0.0 0.0 0.0 0.0
syst_sys25- -0.1 -0.0 -0.0 -0.0 -0.0 -0.0 -0.0 -0.0 -0.0 -0.0 -0.0 -0.0
syst_sys26+ 0.0 0.0 0.0 0.0 0.0 0.0 0.0 0.0 0.0 0.0 -0.0 -0.0
syst_sys26- -0.1 -0.1 -0.0 -0.0 -0.0 -0.0 -0.0 -0.0 -0.0 -0.0 0.0 0.0
syst_sys27+ 0.3 0.2 0.1 0.1 0.1 0.0 0.0 0.0 0.0 0.0 0.0 0.0
syst_sys27- -0.2 -0.1 -0.1 -0.1 -0.1 -0.1 -0.0 -0.0 -0.0 -0.0 -0.0 -0.0
syst_sys28+ 0.5 0.3 0.2 0.2 0.1 0.1 0.1 0.0 0.0 0.0 0.0 0.0
syst_sys28- -0.4 -0.3 -0.2 -0.1 -0.1 -0.1 -0.0 -0.0 -0.0 -0.0 -0.0 -0.0
syst_sys29+ 0.7 0.6 0.5 0.5 0.3 0.2 0.2 0.2 0.2 0.1 0.1 0.0
syst_sys29- -0.6 -0.5 -0.5 -0.4 -0.3 -0.2 -0.2 -0.2 -0.1 -0.1 -0.0 -0.0
syst_sys30+ 0.5 0.6 0.6 0.6 0.5 0.4 0.4 0.4 0.3 0.3 0.2 0.0
syst_sys30- -0.2 -0.3 -0.4 -0.6 -0.6 -0.5 -0.4 -0.4 -0.3 -0.3 -0.2 -0.0
syst_sys31+ 0.1 0.1 0.3 0.5 0.7 0.6 0.6 0.5 0.4 0.3 0.2 -0.0
syst_sys31- -0.1 -0.1 -0.2 -0.3 -0.6 -0.6 -0.6 -0.5 -0.4 -0.3 -0.2 0.0
syst_sys32+ -0.0 -0.0 0.0 0.1 0.2 0.4 0.5 0.7 0.7 0.6 0.4 0.4
syst_sys32- 0.0 0.0 -0.0 -0.1 -0.2 -0.4 -0.5 -0.6 -0.6 -0.6 -0.5 -0.4
syst_sys33+ 0.0 0.0 0.0 0.0 0.0 -0.0 -0.0 0.0 0.0 0.0 0.0 0.0
syst_sys33- -0.0 -0.0 -0.0 -0.0 -0.0 0.0 0.0 -0.0 -0.0 -0.0 -0.0 -0.0
syst_sys34+ 0.0 0.0 0.0 0.0 0.0 0.0 0.0 0.0 0.0 0.0 0.0 0.0
syst_sys34- -0.0 -0.0 -0.0 -0.0 -0.0 -0.0 -0.0 -0.0 -0.0 -0.0 -0.0 -0.0
syst_sys35+ 0.0 0.0 0.0 0.0 0.0 0.0 0.0 0.0 0.0 0.0 0.0 0.0
syst_sys35- -0.1 -0.0 -0.0 -0.0 -0.0 -0.0 -0.0 -0.0 -0.0 -0.0 -0.0 -0.0
syst_sys36+ 0.0 0.0 0.0 0.0 0.0 0.0 0.0 0.0 0.0 0.0 0.0 0.0
syst_sys36- -0.1 -0.1 -0.0 -0.0 -0.0 -0.0 -0.0 -0.0 -0.0 -0.0 -0.0 -0.0
syst_sys37+ 0.1 0.1 0.1 0.1 0.1 0.1 0.1 0.1 0.0 0.0 0.0 0.0
syst_sys37- -0.1 -0.1 -0.1 -0.1 -0.1 -0.1 -0.1 -0.1 -0.0 -0.0 -0.0 -0.0
syst_sys38+ 0.0 0.0 0.0 0.0 0.1 0.1 0.1 0.1 0.1 0.1 0.1 0.0
syst_sys38- -0.0 -0.0 -0.0 -0.1 -0.1 -0.1 -0.1 -0.1 -0.1 -0.1 -0.1 -0.0
syst_sys39+ -0.0 0.0 0.0 0.0 0.1 0.2 0.3 0.3 0.2 0.1 0.1 0.0
syst_sys39- 0.0 -0.0 -0.0 -0.0 -0.1 -0.2 -0.2 -0.3 -0.2 -0.2 -0.2 -0.0
syst_sys40+ -0.0 -0.0 -0.0 -0.0 0.0 0.1 0.2 0.3 0.4 0.3 0.2 0.1
syst_sys40- 0.0 0.0 0.0 0.0 -0.0 -0.1 -0.2 -0.3 -0.3 -0.2 -0.1 -0.0
syst_sys41+ 0.0 0.0 -0.0 -0.0 -0.0 0.0 0.1 0.2 0.3 0.3 0.3 0.1
syst_sys41- -0.0 -0.0 0.0 0.0 0.0 -0.0 -0.1 -0.1 -0.1 -0.1 -0.1 -0.1
syst_sys42+ 0.0 0.0 0.0 0.0 0.0 0.0 0.0 0.1 0.1 0.2 0.3 2.4
syst_sys42- -0.0 -0.0 -0.0 -0.0 -0.0 -0.0 -0.0 -0.0 -0.0 -0.1 -0.4 -0.6
syst_sys43+ 0.0 0.0 0.0 0.0 0.0 0.0 0.0 -0.0 -0.0 -0.0 -0.0 -0.0
syst_sys43- -0.0 -0.0 -0.0 -0.0 -0.0 -0.0 -0.0 0.0 0.0 0.0 0.0 0.0
syst_sys44+ 0.0 0.0 0.0 0.0 0.0 0.0 0.0 0.0 0.0 0.0 0.0 0.0
syst_sys44- -0.0 -0.0 -0.0 -0.0 -0.0 -0.0 -0.0 -0.0 -0.0 -0.0 -0.0 -0.0
syst_sys45+ -0.0 0.0 0.0 0.0 0.0 0.0 0.0 0.0 0.0 0.0 0.0 0.0
syst_sys45- 0.0 -0.0 -0.0 -0.0 -0.1 -0.1 -0.0 -0.0 -0.0 -0.0 -0.0 -0.0
syst_sys46+ 0.0 -0.0 -0.0 -0.0 -0.0 -0.0 -0.0 -0.0 -0.0 -0.0 -0.0 -0.0
syst_sys46- -0.0 0.0 0.0 0.0 0.0 0.0 0.0 0.0 0.0 0.0 0.0 0.0
syst_sys47+ 0.0 0.0 0.0 0.0 0.0 0.0 0.0 0.0 0.0 0.0 0.0 0.0
syst_sys47- -0.0 -0.0 -0.0 -0.0 -0.0 -0.0 -0.0 -0.0 -0.0 -0.0 -0.0 -0.0
syst_sys48+ -0.0 -0.0 -0.0 -0.0 -0.0 -0.0 -0.0 -0.0 0.0 0.0 0.0 0.0
syst_sys48- 0.0 0.0 0.0 0.0 0.0 0.0 0.0 0.0 -0.0 -0.0 -0.0 -0.0
syst_sys49+ 0.0 0.0 0.0 0.0 0.0 0.0 0.0 0.0 0.0 0.0 0.0 0.0
syst_sys49- -0.0 -0.0 -0.0 -0.0 -0.0 -0.0 -0.0 -0.0 -0.0 -0.0 -0.0 -0.0
syst_sys50+ 0.0 0.0 0.0 0.0 0.0 0.0 0.0 0.0 0.0 0.0 0.0 0.0
syst_sys50- 0.0 0.0 0.0 0.0 0.0 0.0 0.0 0.0 0.0 0.0 0.0 0.0
syst_sys51+ 0.0 0.0 0.0 0.0 0.0 0.0 0.0 0.0 0.0 0.0 0.0 0.0
syst_sys51- 0.0 0.0 0.0 0.0 0.0 0.0 0.0 0.0 0.0 0.0 0.0 0.0
syst_sys52+ 0.0 0.0 0.0 0.0 0.0 0.0 0.0 0.0 0.0 0.0 0.0 0.0
syst_sys52- 0.0 0.0 0.0 0.0 0.0 0.0 0.0 0.0 0.0 0.0 0.0 0.0
syst_sys53+ 0.0 0.0 0.0 0.0 0.0 0.0 0.0 0.0 0.0 0.0 0.0 0.0
syst_sys53- 0.0 0.0 0.0 0.0 0.0 0.0 0.0 0.0 0.0 0.0 0.0 0.0
syst_sys54+ 0.0 0.0 0.0 0.0 0.0 0.0 0.0 0.0 0.0 0.0 0.0 0.0
syst_sys54- 0.0 0.0 0.0 0.0 0.0 0.0 0.0 0.0 0.0 0.0 0.0 0.0
syst_sys55+ 1.5 1.3 1.2 1.3 1.4 1.6 1.9 2.2 2.0 2.0 1.9 4.4
syst_sys55- -1.1 -1.1 -1.3 -1.4 -1.6 -1.7 -1.9 -2.0 -1.7 -1.9 -1.8 -4.5
syst_sys56+ 22 24 25 27 30 33 35 38 41 43 47 59
syst_sys56- -19 -20 -21 -23 -24 -26 -27 -28 -29 -30 -32 -42
syst_sys57+ 0.0 0.0 0.0 0.0 0.0 0.0 0.0 0.0 0.0 0.0 0.0 0.0
syst_sys57- 0.0 0.0 0.0 0.0 0.0 0.0 0.0 0.0 0.0 0.0 0.0 0.0
syst_sys58+ -4.8 -4.3 -4.1 -3.7 -3.1 -2.5 -2.6 -3.5 -5.0 -5.9 -5.2 3.8
syst_sys58- 5.5 4.7 4.0 3.6 3.1 2.7 2.6 3.6 5.4 6.9 6.4 -2.6
syst_sys59+ -0.4 -0.3 -0.3 -0.3 -0.3 -0.3 -0.3 -0.3 -0.2 -0.1 -0.0 -0.0
syst_sys59- 0.4 0.4 0.3 0.3 0.3 0.3 0.3 0.2 0.2 0.2 0.1 0.1
syst_sys60+ -2.1 -1.9 -2.0 -1.9 -1.7 -1.7 -1.8 -1.8 -1.7 -1.7 -2.0 -3.1
syst_sys60- 3.1 2.3 1.8 1.8 1.9 2.0 1.9 1.9 1.7 1.4 1.4 5.3
syst_sys61+ 0.8 0.7 0.7 0.8 0.9 1.0 1.3 1.6 1.6 1.5 1.2 0.6
syst_sys61- -0.7 -0.6 -0.6 -0.7 -0.9 -1.1 -1.2 -1.3 -1.3 -1.3 -1.0 -0.5
syst_sys62+ 0.5 0.4 0.5 0.5 0.5 0.5 0.6 0.7 0.7 0.7 0.5 0.7
syst_sys62- -0.4 -0.4 -0.4 -0.5 -0.6 -0.6 -0.6 -0.6 -0.6 -0.6 -0.6 -0.0
syst_sys63+ 3.9 3.2 2.6 2.3 2.1 1.9 1.9 1.9 1.8 1.7 1.8 4.2
syst_sys63- -3.4 -3.0 -2.8 -2.5 -2.1 -1.8 -1.9 -1.8 -1.7 -1.7 -1.8 -1.4
syst_sys64+ 5.3 5.0 4.6 4.6 4.9 5.1 5.4 6.1 7.0 8.0 10 17
syst_sys64- -5.3 -5.0 -4.6 -4.6 -4.9 -5.1 -5.4 -6.1 -7.0 -8.0 -10 -17
syst_sys65+ 1.5 1.5 1.3 1.3 1.3 1.3 1.1 1.1 1.2 1.4 2.1 6.8
syst_sys65- -1.5 -1.5 -1.3 -1.3 -1.3 -1.3 -1.1 -1.1 -1.2 -1.4 -2.1 -6.8
syst_sys66+ 0.1 0.1 0.1 0.0 0.1 0.1 0.0 0.0 0.0 0.1 0.0 0.6
syst_sys66- -0.1 -0.1 -0.1 -0.0 -0.1 -0.1 -0.0 -0.0 -0.0 -0.1 -0.0 -0.6
syst_sys67+ 0.5 0.5 0.5 0.5 0.5 0.5 0.5 0.5 0.5 0.5 0.5 0.5
syst_sys67- -0.5 -0.5 -0.5 -0.5 -0.5 -0.5 -0.5 -0.5 -0.5 -0.5 -0.5 -0.5
syst_sys68+ 1.8 1.8 1.8 1.8 1.8 1.8 1.8 1.8 1.8 1.8 1.8 1.8
syst_sys68- -1.8 -1.8 -1.8 -1.8 -1.8 -1.8 -1.8 -1.8 -1.8 -1.8 -1.8 -1.8
syst_sys69+ 0.0 0.0 0.0 0.0 0.0 0.0 0.0 0.0 0.0 0.0 0.0 0.0
syst_sys69- -0.0 -0.0 -0.0 -0.0 -0.0 -0.0 -0.0 -0.0 -0.0 -0.0 -0.0 -0.0
;mean xmin xmax cross staterr   +syst    -syst 
108.0 100 116 1.04e+03 1.2 24.38 21.73
125.0 116 134 4.16e+02 1.7 25.86 22.20
143.0 134 152 1.60e+02 2.4 26.61 22.93
162.0 152 172 6.41e+01 2.0 28.54 24.82
183.0 172 194 2.46e+01 1.8 31.51 25.82
205.0 194 216 9.40e+00 2.8 34.48 27.84
228.0 216 240 3.40e+00 2.5 36.59 29.00
252.0 240 264 1.18e+00 4.0 39.93 30.35
277.0 264 290 4.11e-01 6.6 43.19 31.66
304.0 290 318 1.46e-01 10 45.54 33.15
347.0 318 376 2.82e-02 15 49.97 36.10
427.0 376 478 6.88e-04 12 65.50 50.13
