; Data taken from arxiv1410.8857 
; systematics
syst_statmc+  +0.73 +0.49 +0.39 +0.39 +0.34 +0.37 +0.35 +0.32 +0.31 +0.33 +0.49 +0.57 +0.48 +0.42 +0.36 +0.28 +0.24 +0.22 +0.21 +0.22 +0.21 +0.21 +0.26 +0.23 +0.26 +0.28 +0.34 +0.35 +0.28 +0.27 +0.52
syst_statmc-  -0.73 -0.49 -0.39 -0.39 -0.34 -0.37 -0.35 -0.32 -0.31 -0.33 -0.49 -0.57 -0.48 -0.42 -0.36 -0.28 -0.24 -0.22 -0.21 -0.22 -0.21 -0.21 -0.26 -0.23 -0.26 -0.28 -0.34 -0.35 -0.28 -0.27 -0.52
syst_sys1+ 3.0 3.0 3.1 3.3 3.5 3.6 3.7 3.8 3.8 3.8 3.8 3.6 3.6 3.8 3.8 4.1 4.4 4.6 4.9 5.1 5.3 5.3 5.5 5.6 5.5 5.8 6.0 6.3 6.5 7.4 9.1
syst_sys1- -3.0 -3.0 -3.1 -3.1 -3.2 -3.3 -3.6 -3.7 -3.8 -3.7 -3.6 -3.6 -3.7 -3.7 -3.6 -3.8 -4.2 -4.5 -4.8 -5.0 -5.0 -5.0 -5.1 -5.3 -5.3 -5.4 -5.6 -5.9 -6.2 -7.0 -8.2
syst_sys2+ 0.9 0.7 0.6 0.6 0.5 0.5 0.4 0.3 0.2 0.2 0.2 0.1 0.1 0.1 0.1 0.1 0.1 0.1 0.1 0.1 0.1 0.1 0.1 0.0 0.0 0.0 0.0 0.0 0.0 0.0 0.0
syst_sys2- -1.1 -0.8 -0.7 -0.6 -0.5 -0.4 -0.4 -0.3 -0.3 -0.2 -0.2 -0.1 -0.1 -0.1 -0.1 -0.1 -0.1 -0.1 -0.1 -0.1 -0.1 -0.1 -0.1 -0.0 -0.0 -0.0 -0.0 -0.0 -0.0 -0.0 -0.0
syst_sys3+ 0.0 0.0 0.0 0.0 0.0 0.0 0.0 0.0 0.0 0.0 0.0 0.0 0.0 0.0 0.0 0.0 0.0 0.0 0.0 0.0 0.0 0.0 0.0 0.0 0.0 0.0 0.0 0.0 0.0 0.0 0.0
syst_sys3- -0.1 -0.0 -0.0 -0.0 -0.0 -0.0 -0.0 -0.0 -0.0 -0.0 -0.0 -0.0 -0.0 -0.0 -0.0 -0.0 -0.0 -0.0 -0.0 -0.0 -0.0 -0.0 -0.0 -0.0 -0.0 -0.0 -0.0 -0.0 -0.0 -0.0 -0.0
syst_sys4+ 0.4 0.3 0.3 0.3 0.3 0.2 0.2 0.2 0.1 0.1 0.1 0.1 0.1 0.1 0.1 0.1 0.1 0.1 0.1 0.1 0.1 0.1 0.1 0.1 0.1 0.1 0.1 0.1 0.1 0.1 0.1
syst_sys4- -0.4 -0.4 -0.3 -0.3 -0.3 -0.2 -0.2 -0.2 -0.1 -0.1 -0.1 -0.1 -0.1 -0.1 -0.1 -0.1 -0.1 -0.1 -0.1 -0.1 -0.1 -0.1 -0.1 -0.1 -0.1 -0.1 -0.1 -0.1 -0.1 -0.1 -0.2
syst_sys5+ 1.8 1.5 1.4 1.3 1.1 1.0 0.8 0.7 0.6 0.5 0.4 0.3 0.3 0.3 0.2 0.2 0.2 0.2 0.2 0.2 0.2 0.2 0.2 0.2 0.3 0.3 0.3 0.3 0.4 0.4 0.5
syst_sys5- -1.9 -1.6 -1.4 -1.2 -1.1 -0.9 -0.8 -0.7 -0.6 -0.5 -0.4 -0.4 -0.3 -0.3 -0.2 -0.2 -0.2 -0.2 -0.2 -0.2 -0.2 -0.2 -0.2 -0.2 -0.3 -0.3 -0.3 -0.3 -0.4 -0.4 -0.6
syst_sys6+ -0.0 -0.1 -0.0 0.0 0.1 0.2 0.3 0.3 0.3 0.3 0.3 0.3 0.2 0.2 0.1 0.1 0.1 0.1 0.1 0.1 0.1 0.1 0.1 0.0 0.0 0.0 0.0 0.0 0.0 0.0 0.0
syst_sys6- 0.0 0.1 0.0 -0.0 -0.1 -0.2 -0.3 -0.3 -0.4 -0.3 -0.3 -0.2 -0.2 -0.2 -0.1 -0.1 -0.1 -0.1 -0.1 -0.1 -0.1 -0.1 -0.1 -0.0 -0.0 -0.0 -0.0 -0.0 -0.0 -0.0 -0.0
syst_sys7+ 0.1 0.0 0.0 0.0 0.0 0.0 0.0 0.0 0.0 0.0 0.0 0.0 0.0 0.0 0.0 0.0 0.0 0.0 0.0 0.0 0.0 0.0 0.0 0.0 0.0 0.0 0.0 0.0 0.0 0.0 0.0
syst_sys7- -0.1 -0.0 -0.0 -0.0 -0.0 -0.0 -0.0 -0.0 -0.0 -0.0 -0.0 -0.0 -0.0 -0.0 -0.0 -0.0 -0.0 -0.0 -0.0 -0.0 -0.0 -0.0 -0.0 -0.0 -0.0 -0.0 -0.0 -0.0 -0.0 -0.0 -0.0
syst_sys8+ 0.8 0.6 0.5 0.4 0.4 0.4 0.3 0.3 0.3 0.3 0.3 0.3 0.3 0.3 0.3 0.3 0.3 0.3 0.3 0.4 0.4 0.4 0.5 0.5 0.5 0.6 0.6 0.6 0.7 0.8 1.0
syst_sys8- -0.7 -0.6 -0.5 -0.5 -0.4 -0.4 -0.4 -0.4 -0.3 -0.3 -0.3 -0.3 -0.3 -0.3 -0.3 -0.3 -0.3 -0.3 -0.3 -0.4 -0.4 -0.4 -0.4 -0.5 -0.5 -0.6 -0.6 -0.6 -0.7 -0.8 -1.0
syst_sys9+ 0.1 0.1 0.1 0.1 0.1 0.1 0.1 0.1 0.1 0.1 0.1 0.1 0.1 0.1 0.1 0.1 0.1 0.1 0.1 0.1 0.1 0.1 0.1 0.1 0.1 0.1 0.1 0.1 0.1 0.1 0.1
syst_sys9- -0.1 -0.1 -0.1 -0.1 -0.1 -0.1 -0.1 -0.1 -0.1 -0.1 -0.1 -0.1 -0.1 -0.1 -0.1 -0.1 -0.1 -0.1 -0.1 -0.1 -0.1 -0.1 -0.1 -0.1 -0.1 -0.1 -0.1 -0.1 -0.1 -0.1 -0.1
syst_sys10+ 0.5 0.4 0.4 0.4 0.4 0.3 0.3 0.2 0.2 0.1 0.1 0.1 0.1 0.1 0.1 0.1 0.1 0.1 0.1 0.1 0.1 0.1 0.1 0.1 0.1 0.1 0.1 0.1 0.1 0.1 0.2
syst_sys10- -0.5 -0.4 -0.4 -0.4 -0.3 -0.3 -0.3 -0.2 -0.2 -0.1 -0.1 -0.1 -0.1 -0.1 -0.1 -0.1 -0.1 -0.1 -0.1 -0.1 -0.1 -0.1 -0.1 -0.1 -0.1 -0.1 -0.1 -0.1 -0.1 -0.1 -0.2
syst_sys11+ 0.3 0.3 0.3 0.3 0.3 0.3 0.2 0.2 0.2 0.2 0.3 0.3 0.2 0.2 0.3 0.3 0.3 0.3 0.3 0.3 0.4 0.4 0.4 0.5 0.5 0.6 0.6 0.6 0.7 0.8 1.0
syst_sys11- -0.4 -0.3 -0.3 -0.3 -0.3 -0.3 -0.2 -0.3 -0.3 -0.3 -0.3 -0.3 -0.3 -0.3 -0.2 -0.2 -0.2 -0.3 -0.3 -0.3 -0.4 -0.4 -0.4 -0.5 -0.5 -0.6 -0.6 -0.6 -0.7 -0.8 -1.0
syst_sys12+ 1.1 0.9 0.9 0.9 0.9 0.8 0.8 0.8 0.8 0.8 0.8 0.8 0.8 0.8 0.8 0.8 0.8 0.7 0.7 0.6 0.6 0.6 0.6 0.6 0.6 0.6 0.6 0.6 0.6 0.7 0.9
syst_sys12- -1.2 -1.0 -0.9 -0.9 -0.8 -0.8 -0.8 -0.8 -0.8 -0.8 -0.8 -0.9 -0.8 -0.8 -0.8 -0.8 -0.8 -0.7 -0.7 -0.7 -0.6 -0.6 -0.6 -0.6 -0.6 -0.6 -0.6 -0.6 -0.6 -0.7 -0.9
syst_sys13+ 0.7 0.6 0.5 0.5 0.5 0.5 0.5 0.6 0.6 0.7 0.7 0.8 0.8 0.8 0.9 0.9 1.0 1.1 1.1 1.2 1.3 1.4 1.4 1.5 1.6 1.6 1.7 1.7 1.9 2.1 2.6
syst_sys13- -0.7 -0.6 -0.5 -0.5 -0.5 -0.5 -0.5 -0.6 -0.6 -0.7 -0.8 -0.8 -0.8 -0.8 -0.8 -0.9 -1.0 -1.1 -1.1 -1.2 -1.3 -1.3 -1.4 -1.4 -1.5 -1.6 -1.7 -1.7 -1.8 -2.0 -2.5
syst_sys14+ -0.0 0.0 0.0 0.1 0.1 0.1 0.1 0.1 0.1 0.1 0.1 0.1 0.1 0.1 0.1 0.1 0.1 0.1 0.1 0.1 0.1 0.1 0.1 0.1 0.2 0.2 0.2 0.2 0.2 0.2 0.2
syst_sys14- 0.0 -0.0 -0.0 -0.1 -0.1 -0.1 -0.1 -0.1 -0.1 -0.1 -0.1 -0.1 -0.1 -0.1 -0.1 -0.1 -0.1 -0.1 -0.1 -0.1 -0.1 -0.1 -0.1 -0.1 -0.2 -0.2 -0.2 -0.2 -0.2 -0.2 -0.3
syst_sys15+ -0.0 0.0 0.0 0.0 0.1 0.1 0.1 0.1 0.1 0.1 0.1 0.1 0.1 0.2 0.2 0.2 0.2 0.2 0.3 0.4 0.5 0.6 0.7 0.9 1.0 1.1 1.2 1.2 1.3 1.5 1.9
syst_sys15- 0.0 -0.0 -0.0 -0.0 -0.0 -0.1 -0.1 -0.1 -0.1 -0.1 -0.1 -0.1 -0.1 -0.1 -0.1 -0.1 -0.2 -0.2 -0.3 -0.4 -0.5 -0.6 -0.7 -0.8 -0.9 -1.0 -1.1 -1.2 -1.3 -1.5 -1.8
syst_sys16+ -0.0 -0.0 -0.0 0.0 0.0 0.1 0.1 0.1 0.2 0.2 0.2 0.3 0.3 0.3 0.4 0.4 0.4 0.5 0.6 0.8 0.9 1.1 1.2 1.4 1.5 1.7 1.8 1.9 2.0 2.3 2.9
syst_sys16- 0.0 0.0 0.0 -0.0 -0.0 -0.0 -0.1 -0.1 -0.2 -0.2 -0.3 -0.3 -0.3 -0.3 -0.3 -0.4 -0.4 -0.5 -0.6 -0.8 -0.9 -1.1 -1.2 -1.3 -1.5 -1.6 -1.7 -1.9 -2.0 -2.2 -2.7
syst_sys17+ -0.0 -0.0 -0.0 -0.0 -0.0 0.0 0.0 0.1 0.1 0.2 0.2 0.3 0.3 0.3 0.4 0.4 0.5 0.6 0.9 1.2 1.6 2.0 2.4 2.8 3.2 3.6 3.9 4.2 4.5 5.0 6.5
syst_sys17- 0.0 0.0 0.0 0.0 0.0 -0.0 -0.0 -0.0 -0.1 -0.1 -0.2 -0.3 -0.3 -0.3 -0.3 -0.4 -0.5 -0.6 -0.9 -1.2 -1.6 -2.0 -2.4 -2.8 -3.1 -3.5 -3.7 -4.0 -4.3 -4.8 -6.0
syst_sys18+ -0.0 0.0 0.0 0.1 0.1 0.2 0.2 0.2 0.2 0.3 0.3 0.3 0.3 0.3 0.3 0.2 0.3 0.3 0.4 0.6 0.8 1.0 1.2 1.5 1.7 1.9 2.0 2.2 2.4 2.6 3.4
syst_sys18- 0.0 -0.0 -0.0 -0.1 -0.1 -0.2 -0.2 -0.2 -0.3 -0.3 -0.3 -0.3 -0.3 -0.3 -0.3 -0.2 -0.3 -0.3 -0.4 -0.6 -0.8 -1.0 -1.2 -1.4 -1.6 -1.8 -2.0 -2.1 -2.3 -2.6 -3.2
syst_sys19+ -0.0 -0.0 -0.0 0.0 0.0 0.1 0.1 0.2 0.2 0.3 0.3 0.3 0.4 0.4 0.4 0.5 0.5 0.6 0.6 0.7 0.9 1.0 1.1 1.2 1.4 1.5 1.6 1.6 1.8 2.0 2.5
syst_sys19- 0.0 0.0 0.0 -0.0 -0.0 -0.1 -0.1 -0.2 -0.3 -0.3 -0.3 -0.4 -0.4 -0.4 -0.4 -0.5 -0.5 -0.6 -0.7 -0.8 -0.9 -1.0 -1.1 -1.2 -1.3 -1.4 -1.5 -1.6 -1.7 -1.9 -2.4
syst_sys20+ -0.0 -0.0 0.0 0.1 0.1 0.2 0.2 0.3 0.3 0.4 0.4 0.4 0.4 0.4 0.5 0.6 0.8 1.2 1.7 2.4 3.1 3.9 4.6 5.4 6.1 6.7 7.3 7.8 8.5 9.4 12
syst_sys20- 0.0 0.0 -0.0 -0.1 -0.1 -0.2 -0.2 -0.3 -0.4 -0.4 -0.4 -0.4 -0.4 -0.4 -0.4 -0.6 -0.8 -1.2 -1.8 -2.4 -3.1 -3.8 -4.5 -5.2 -5.9 -6.4 -6.9 -7.3 -7.9 -8.7 -11
syst_sys21+ -0.0 -0.0 0.0 0.0 0.1 0.1 0.2 0.2 0.2 0.2 0.3 0.3 0.3 0.3 0.3 0.3 0.4 0.5 0.6 0.7 0.9 1.0 1.1 1.3 1.4 1.4 1.5 1.6 1.7 1.9 2.4
syst_sys21- 0.0 0.0 -0.0 -0.0 -0.1 -0.1 -0.2 -0.2 -0.3 -0.3 -0.3 -0.3 -0.3 -0.3 -0.3 -0.3 -0.4 -0.5 -0.6 -0.8 -0.9 -1.0 -1.1 -1.2 -1.3 -1.4 -1.5 -1.6 -1.7 -1.9 -2.3
syst_sys22+ 0.0 0.0 0.0 0.0 0.0 0.0 0.0 0.0 0.0 0.0 0.0 0.0 0.0 0.0 0.0 0.0 0.0 0.0 0.0 0.0 0.0 0.0 0.0 0.0 0.0 0.0 0.0 0.0 0.0 0.0 0.0
syst_sys22- -0.1 -0.0 -0.0 -0.0 -0.0 -0.0 -0.0 -0.0 -0.0 -0.0 -0.0 -0.0 -0.0 -0.0 -0.0 -0.0 -0.0 -0.0 -0.0 -0.0 -0.0 -0.0 -0.0 -0.0 -0.0 -0.0 -0.0 -0.0 -0.0 -0.0 -0.0
syst_sys23+ 0.0 0.0 0.0 0.0 0.0 0.0 0.0 0.0 0.0 0.0 0.0 0.0 0.0 0.0 0.0 0.0 0.0 0.0 0.0 0.0 0.0 0.0 0.0 0.0 0.0 0.0 0.0 0.0 0.0 0.0 0.0
syst_sys23- -0.1 -0.0 -0.0 -0.0 -0.0 -0.0 -0.0 -0.0 -0.0 -0.0 -0.0 -0.0 -0.0 -0.0 -0.0 -0.0 -0.0 -0.0 -0.0 -0.0 -0.0 -0.0 -0.0 -0.0 -0.0 -0.0 -0.0 -0.0 -0.0 -0.0 -0.0
syst_sys24+ 0.1 0.0 0.0 0.0 0.0 0.0 0.0 0.0 0.0 0.0 0.0 0.0 0.0 0.0 0.0 0.0 0.0 0.1 0.1 0.1 0.1 0.1 0.1 0.1 0.1 0.1 0.1 0.1 0.2 0.2 0.2
syst_sys24- -0.1 -0.0 -0.0 -0.0 -0.0 -0.0 -0.0 -0.0 -0.0 -0.0 -0.0 -0.0 -0.0 -0.0 -0.0 -0.0 -0.0 -0.1 -0.1 -0.1 -0.1 -0.1 -0.1 -0.1 -0.1 -0.1 -0.1 -0.1 -0.2 -0.2 -0.3
syst_sys25+ 0.1 0.0 0.0 0.0 0.0 0.0 0.0 0.0 0.0 0.0 0.0 0.0 0.0 0.0 0.0 0.0 0.0 0.0 0.0 0.0 0.0 0.0 0.0 0.0 0.0 0.0 0.0 0.0 0.0 0.0 0.0
syst_sys25- -0.1 -0.0 -0.0 -0.0 -0.0 -0.0 -0.0 -0.0 -0.0 -0.0 -0.0 -0.0 -0.0 -0.0 -0.0 -0.0 -0.0 -0.0 -0.0 -0.0 -0.0 -0.0 -0.0 -0.0 -0.0 -0.0 -0.0 -0.0 -0.0 -0.0 -0.0
syst_sys26+ 0.1 0.1 0.0 0.0 0.0 0.0 0.0 0.0 0.0 0.0 0.0 0.0 0.0 0.0 0.0 0.0 0.0 0.0 0.0 0.0 0.0 0.0 0.1 0.1 0.1 0.1 0.1 0.1 0.1 0.2 0.2
syst_sys26- -0.1 -0.1 -0.0 -0.0 -0.0 -0.0 -0.0 -0.0 -0.0 -0.0 -0.0 -0.0 -0.0 -0.0 -0.0 -0.0 -0.0 -0.0 -0.0 -0.0 -0.0 -0.0 -0.1 -0.1 -0.1 -0.1 -0.1 -0.1 -0.1 -0.2 -0.2
syst_sys27+ 0.3 0.1 0.1 0.1 0.0 0.0 0.0 0.0 0.0 0.0 0.0 0.0 0.0 0.0 0.0 0.0 0.0 0.0 0.0 0.0 0.0 0.0 0.0 0.0 0.0 0.0 0.0 0.0 0.0 0.0 0.0
syst_sys27- -0.3 -0.2 -0.1 -0.1 -0.0 -0.0 -0.0 -0.0 -0.0 -0.0 -0.0 -0.0 -0.0 -0.0 -0.0 -0.0 -0.0 -0.0 -0.0 -0.0 -0.0 -0.0 -0.0 -0.0 -0.0 -0.0 -0.0 -0.0 -0.0 -0.0 -0.0
syst_sys28+ 0.4 0.2 0.2 0.1 0.1 0.1 0.1 0.0 0.0 0.0 0.0 0.0 0.0 0.0 0.0 0.0 0.0 0.0 0.0 0.0 0.0 0.0 0.1 0.1 0.1 0.1 0.1 0.1 0.1 0.1 0.1
syst_sys28- -0.5 -0.3 -0.2 -0.1 -0.1 -0.1 -0.0 -0.0 -0.0 -0.0 -0.0 -0.0 -0.0 -0.0 -0.0 -0.0 -0.0 -0.0 -0.0 -0.0 -0.0 -0.0 -0.1 -0.1 -0.1 -0.1 -0.1 -0.1 -0.1 -0.1 -0.1
syst_sys29+ 0.6 0.4 0.3 0.2 0.2 0.1 0.1 0.1 0.1 0.0 0.0 0.0 0.0 0.0 0.0 0.0 0.0 0.0 0.0 0.0 0.0 0.1 0.1 0.1 0.1 0.1 0.1 0.1 0.1 0.1 0.1
syst_sys29- -0.5 -0.5 -0.4 -0.3 -0.2 -0.1 -0.1 -0.1 -0.1 -0.0 -0.0 -0.0 -0.0 -0.0 -0.0 -0.0 -0.0 -0.0 -0.0 -0.0 -0.1 -0.1 -0.1 -0.1 -0.1 -0.1 -0.1 -0.1 -0.1 -0.1 -0.2
syst_sys30+ 0.2 0.4 0.4 0.4 0.3 0.3 0.2 0.2 0.1 0.1 0.1 0.1 0.1 0.1 0.1 0.0 0.0 0.0 0.0 0.0 0.0 0.0 0.1 0.1 0.1 0.1 0.1 0.1 0.1 0.1 0.1
syst_sys30- -0.3 -0.4 -0.4 -0.4 -0.3 -0.3 -0.2 -0.2 -0.1 -0.1 -0.1 -0.1 -0.1 -0.1 -0.1 -0.1 -0.0 -0.0 -0.0 -0.0 -0.0 -0.0 -0.1 -0.1 -0.1 -0.1 -0.1 -0.1 -0.1 -0.1 -0.1
syst_sys31+ -0.0 0.1 0.2 0.4 0.4 0.4 0.4 0.3 0.2 0.2 0.1 0.1 0.1 0.1 0.1 0.0 0.0 0.0 0.0 0.1 0.1 0.1 0.1 0.1 0.1 0.2 0.2 0.2 0.2 0.3 0.3
syst_sys31- 0.0 -0.1 -0.3 -0.4 -0.4 -0.4 -0.4 -0.3 -0.2 -0.2 -0.1 -0.1 -0.1 -0.1 -0.1 -0.1 -0.0 -0.0 -0.0 -0.1 -0.1 -0.1 -0.1 -0.1 -0.2 -0.2 -0.2 -0.2 -0.2 -0.2 -0.3
syst_sys32+ -0.0 -0.0 -0.0 0.0 0.1 0.1 0.2 0.2 0.2 0.2 0.2 0.1 0.1 0.1 0.1 0.1 0.1 0.1 0.1 0.1 0.0 0.0 0.0 0.0 0.0 0.0 0.0 0.0 0.0 0.0 0.0
syst_sys32- 0.0 0.0 0.0 -0.0 -0.1 -0.1 -0.2 -0.2 -0.2 -0.2 -0.2 -0.1 -0.1 -0.1 -0.1 -0.1 -0.1 -0.1 -0.1 -0.1 -0.0 -0.0 -0.0 -0.0 -0.0 -0.0 -0.0 -0.0 -0.0 -0.0 -0.0
syst_sys33+ 0.0 0.0 0.0 0.0 0.0 0.0 0.0 0.0 0.0 0.0 0.0 0.0 0.0 0.0 0.0 0.0 0.0 0.0 0.0 0.0 0.0 0.0 0.0 0.0 0.0 0.0 0.0 0.0 0.0 0.0 0.0
syst_sys33- -0.0 -0.0 -0.0 -0.0 -0.0 -0.0 -0.0 -0.0 -0.0 -0.0 -0.0 -0.0 -0.0 -0.0 -0.0 -0.0 -0.0 -0.0 -0.0 -0.0 -0.0 -0.0 -0.0 -0.0 -0.0 -0.0 -0.0 -0.0 -0.0 -0.0 -0.0
syst_sys34+ 0.0 0.0 0.0 0.0 0.0 0.0 0.0 0.0 0.0 0.0 0.0 0.0 0.0 0.0 0.0 0.0 0.0 0.0 0.0 0.0 0.0 0.0 0.0 0.0 0.0 0.0 0.0 0.0 0.0 0.0 0.0
syst_sys34- -0.0 -0.0 -0.0 -0.0 -0.0 -0.0 -0.0 -0.0 -0.0 -0.0 -0.0 -0.0 -0.0 -0.0 -0.0 -0.0 -0.0 -0.0 -0.0 -0.0 -0.0 -0.0 -0.0 -0.0 -0.0 -0.0 -0.0 -0.0 -0.0 -0.0 -0.0
syst_sys35+ 0.1 0.0 0.0 0.0 0.0 0.0 0.0 0.0 0.0 0.0 0.0 0.0 0.0 0.0 0.0 0.0 0.0 0.0 0.0 0.0 0.0 0.0 0.0 0.0 0.0 0.0 0.0 0.0 0.0 0.0 0.0
syst_sys35- -0.1 -0.1 -0.0 -0.0 -0.0 -0.0 -0.0 -0.0 -0.0 -0.0 -0.0 -0.0 -0.0 -0.0 -0.0 -0.0 -0.0 -0.0 -0.0 -0.0 -0.0 -0.0 -0.0 -0.0 -0.0 -0.0 -0.0 -0.0 -0.0 -0.0 -0.0
syst_sys36+ 0.1 0.0 0.0 0.0 0.0 0.0 0.0 0.0 0.0 0.0 0.0 0.0 0.0 0.0 0.0 0.0 0.0 0.0 0.0 0.0 0.0 0.0 0.0 0.0 0.0 0.0 0.0 0.0 0.0 0.0 0.0
syst_sys36- -0.1 -0.0 -0.0 -0.0 -0.0 -0.0 -0.0 -0.0 -0.0 -0.0 -0.0 -0.0 -0.0 -0.0 -0.0 -0.0 -0.0 -0.0 -0.0 -0.0 -0.0 -0.0 -0.0 -0.0 -0.0 -0.0 -0.0 -0.0 -0.0 -0.0 -0.0
syst_sys37+ 0.1 0.1 0.1 0.1 0.1 0.1 0.1 0.0 0.0 0.0 0.0 0.0 0.0 0.0 0.0 0.0 0.0 0.0 0.0 0.0 0.0 0.0 0.0 0.0 0.1 0.1 0.1 0.1 0.1 0.1 0.1
syst_sys37- -0.1 -0.1 -0.1 -0.1 -0.1 -0.1 -0.1 -0.0 -0.0 -0.0 -0.0 -0.0 -0.0 -0.0 -0.0 -0.0 -0.0 -0.0 -0.0 -0.0 -0.0 -0.0 -0.0 -0.0 -0.0 -0.1 -0.1 -0.1 -0.1 -0.1 -0.1
syst_sys38+ -0.0 0.0 0.0 0.1 0.1 0.1 0.1 0.1 0.1 0.0 0.0 0.0 0.0 0.0 0.0 0.0 0.0 0.0 0.0 0.0 0.0 0.0 0.0 0.0 0.0 0.0 0.0 0.0 0.0 0.0 0.0
syst_sys38- 0.0 -0.0 -0.0 -0.1 -0.1 -0.1 -0.1 -0.1 -0.0 -0.0 -0.0 -0.0 -0.0 -0.0 -0.0 -0.0 -0.0 -0.0 -0.0 -0.0 -0.0 -0.0 -0.0 -0.0 -0.0 -0.0 -0.0 -0.0 -0.0 -0.0 -0.0
syst_sys39+ -0.0 -0.0 -0.0 0.0 0.1 0.1 0.1 0.1 0.1 0.1 0.1 0.1 0.1 0.1 0.0 0.0 0.0 0.0 0.0 0.0 0.0 0.0 0.0 0.0 0.0 0.0 0.0 0.0 0.0 0.0 0.0
syst_sys39- 0.0 0.0 0.0 -0.0 -0.1 -0.1 -0.1 -0.1 -0.1 -0.1 -0.1 -0.1 -0.1 -0.1 -0.1 -0.0 -0.0 -0.0 -0.0 -0.0 -0.0 -0.0 -0.0 -0.0 -0.0 -0.0 -0.0 -0.0 -0.0 -0.0 -0.0
syst_sys40+ -0.0 -0.0 -0.0 -0.0 0.0 0.0 0.1 0.1 0.2 0.2 0.2 0.2 0.1 0.1 0.1 0.1 0.1 0.1 0.1 0.1 0.1 0.1 0.0 0.0 0.0 0.0 0.0 0.0 0.0 0.0 0.0
syst_sys40- 0.0 0.0 0.0 0.0 -0.0 -0.0 -0.1 -0.1 -0.2 -0.2 -0.2 -0.2 -0.1 -0.1 -0.1 -0.1 -0.1 -0.1 -0.1 -0.1 -0.1 -0.1 -0.0 -0.0 -0.0 -0.0 -0.0 -0.0 -0.0 -0.0 -0.0
syst_sys41+ 0.0 0.0 -0.0 -0.0 -0.0 -0.0 -0.0 0.0 0.1 0.1 0.2 0.2 0.2 0.2 0.2 0.2 0.2 0.1 0.1 0.1 0.2 0.2 0.2 0.2 0.2 0.2 0.2 0.2 0.2 0.2 0.3
syst_sys41- -0.0 -0.0 0.0 0.0 0.0 0.0 0.0 -0.0 -0.1 -0.2 -0.2 -0.2 -0.2 -0.2 -0.2 -0.2 -0.1 -0.1 -0.1 -0.1 -0.2 -0.2 -0.2 -0.2 -0.2 -0.2 -0.2 -0.2 -0.2 -0.2 -0.3
syst_sys42+ 0.0 0.0 0.0 -0.0 -0.0 -0.0 -0.0 -0.0 -0.0 0.0 0.1 0.2 0.3 0.3 0.4 0.4 0.4 0.4 0.4 0.4 0.5 0.5 0.6 0.6 0.7 0.7 0.8 0.8 0.8 0.9 1.2
syst_sys42- -0.0 -0.0 -0.0 0.0 0.0 0.0 0.0 0.0 0.0 -0.0 -0.1 -0.2 -0.3 -0.4 -0.4 -0.4 -0.4 -0.4 -0.4 -0.4 -0.5 -0.5 -0.5 -0.6 -0.6 -0.7 -0.7 -0.8 -0.8 -0.9 -1.2
syst_sys43+ 0.0 0.0 0.0 0.0 0.0 0.0 -0.0 -0.0 -0.0 -0.0 -0.0 -0.0 0.1 0.2 0.3 0.4 0.5 0.4 0.4 0.3 0.3 0.2 0.2 0.3 0.3 0.3 0.4 0.4 0.4 0.5 0.7
syst_sys43- -0.0 -0.0 -0.0 -0.0 -0.0 -0.0 0.0 0.0 0.0 0.0 0.0 0.0 -0.1 -0.2 -0.3 -0.4 -0.5 -0.4 -0.4 -0.3 -0.3 -0.2 -0.2 -0.2 -0.3 -0.3 -0.4 -0.4 -0.5 -0.5 -0.7
syst_sys44+ 0.0 0.0 0.0 0.0 0.0 0.0 0.0 0.0 -0.0 -0.0 -0.0 -0.0 -0.1 -0.1 -0.0 0.1 0.3 0.5 0.7 1.0 1.1 1.2 1.3 1.3 1.3 1.3 1.3 1.4 1.4 1.6 2.0
syst_sys44- -0.0 -0.0 -0.0 -0.0 -0.0 -0.0 -0.0 -0.0 0.0 0.0 0.0 0.0 0.1 0.1 0.0 -0.1 -0.3 -0.5 -0.8 -1.0 -1.1 -1.2 -1.3 -1.3 -1.3 -1.3 -1.3 -1.3 -1.4 -1.5 -1.9
syst_sys45+ 0.0 0.0 0.0 0.0 0.0 0.0 0.0 0.0 0.0 0.0 0.0 0.0 0.0 0.0 0.0 0.0 0.0 0.0 0.0 0.0 0.0 0.0 0.0 0.0 0.0 0.0 0.0 0.0 0.0 0.0 0.0
syst_sys45- -0.0 -0.0 -0.0 -0.0 -0.0 -0.0 -0.0 -0.0 -0.0 -0.0 -0.0 -0.0 -0.0 -0.0 -0.0 -0.0 -0.0 -0.0 -0.0 -0.0 -0.0 -0.0 -0.0 -0.0 -0.0 -0.0 -0.0 -0.0 -0.0 -0.0 -0.0
syst_sys46+ 0.0 0.0 0.0 0.0 0.0 0.0 0.0 -0.0 -0.0 -0.0 -0.0 -0.0 -0.0 -0.0 -0.0 -0.0 -0.0 -0.0 -0.0 -0.0 -0.0 -0.0 -0.0 -0.0 -0.0 -0.0 -0.0 -0.0 -0.0 -0.0 -0.0
syst_sys46- -0.0 -0.0 -0.0 -0.0 -0.0 -0.0 -0.0 0.0 0.0 0.0 0.0 0.0 0.0 0.0 0.0 0.0 0.0 0.0 0.0 0.0 0.0 0.0 0.0 0.0 0.0 0.0 0.0 0.0 0.0 0.0 0.0
syst_sys47+ -0.0 -0.0 -0.0 -0.0 -0.0 0.0 0.0 0.0 0.0 0.0 0.0 0.0 0.0 0.0 0.0 0.0 0.0 0.0 0.0 0.0 0.0 0.0 0.0 0.0 0.0 0.0 0.0 0.0 0.0 0.0 0.0
syst_sys47- 0.0 0.0 0.0 0.0 0.0 -0.0 -0.0 -0.0 -0.0 -0.0 -0.0 -0.0 -0.0 -0.0 -0.0 -0.0 -0.0 -0.0 -0.0 -0.0 -0.0 -0.0 -0.0 -0.0 -0.0 -0.0 -0.0 -0.0 -0.0 -0.0 -0.0
syst_sys48+ -0.0 -0.0 -0.0 -0.0 -0.0 -0.0 -0.0 -0.0 -0.0 0.0 0.0 0.0 0.1 0.1 0.1 0.1 0.1 0.1 0.0 0.0 0.0 0.0 0.0 0.0 0.0 0.0 0.0 0.0 0.0 0.0 0.0
syst_sys48- 0.0 0.0 0.0 0.0 0.0 0.0 0.0 0.0 0.0 -0.0 -0.0 -0.0 -0.1 -0.1 -0.1 -0.1 -0.1 -0.1 -0.0 -0.0 -0.0 -0.0 -0.0 -0.0 -0.0 -0.0 -0.0 -0.0 -0.0 -0.0 -0.0
syst_sys49+ -0.0 -0.0 -0.0 -0.0 -0.0 -0.0 -0.0 -0.0 -0.0 -0.0 -0.0 -0.0 0.0 0.0 0.0 0.0 0.0 0.0 0.0 0.0 0.0 0.0 0.0 0.0 0.0 0.0 0.0 0.0 0.0 0.0 0.0
syst_sys49- 0.0 0.0 0.0 0.0 0.0 0.0 0.0 0.0 0.0 0.0 0.0 0.0 -0.0 -0.0 -0.0 -0.0 -0.0 -0.0 -0.0 -0.0 -0.0 -0.0 -0.0 -0.0 -0.0 -0.0 -0.0 -0.0 -0.0 -0.0 -0.0
syst_sys50+ -0.0 -0.0 -0.0 -0.0 -0.0 -0.0 -0.0 -0.0 -0.0 -0.0 -0.0 -0.0 -0.0 -0.0 0.0 0.0 0.0 0.1 0.1 0.1 0.1 0.1 0.1 0.1 0.1 0.1 0.1 0.1 0.1 0.1 0.1
syst_sys50- 0.0 0.0 0.0 0.0 0.0 0.0 0.0 0.0 0.0 0.0 0.0 0.0 0.0 0.0 -0.0 -0.0 -0.0 -0.1 -0.1 -0.1 -0.1 -0.1 -0.1 -0.1 -0.1 -0.1 -0.1 -0.1 -0.1 -0.1 -0.1
syst_sys51+ 0.0 0.0 0.0 0.0 0.0 0.0 0.0 0.0 0.0 0.0 -0.0 -0.0 -0.0 -0.0 -0.0 -0.0 -0.0 0.0 0.1 0.1 0.2 0.3 0.4 0.5 0.5 0.6 0.6 0.7 0.7 0.8 1.1
syst_sys51- -0.0 -0.0 -0.0 -0.0 -0.0 -0.0 -0.0 -0.0 -0.0 -0.0 0.0 0.0 0.0 0.0 0.0 0.0 0.0 -0.0 -0.1 -0.2 -0.2 -0.3 -0.4 -0.5 -0.5 -0.6 -0.6 -0.7 -0.7 -0.8 -1.0
syst_sys52+ 0.0 0.0 0.0 0.0 0.0 0.0 0.0 0.0 0.0 0.0 0.0 0.0 -0.0 -0.0 -0.0 -0.0 -0.0 -0.0 -0.0 0.0 0.1 0.2 0.3 0.4 0.5 0.6 0.6 0.7 0.8 0.9 1.1
syst_sys52- -0.0 -0.0 -0.0 -0.0 -0.0 -0.0 -0.0 -0.0 -0.0 -0.0 -0.0 -0.0 0.0 0.0 0.0 0.0 0.0 0.0 0.0 -0.0 -0.1 -0.2 -0.3 -0.4 -0.5 -0.6 -0.6 -0.7 -0.8 -0.9 -1.1
syst_sys53+ -0.0 -0.0 -0.0 -0.0 -0.0 -0.0 -0.0 -0.0 -0.0 -0.0 -0.0 -0.0 -0.0 -0.0 -0.0 -0.0 -0.0 -0.0 -0.0 0.0 0.0 0.1 0.1 0.1 0.1 0.1 0.2 0.2 0.2 0.2 0.3
syst_sys53- 0.0 0.0 0.0 0.0 0.0 0.0 0.0 0.0 0.0 0.0 0.0 0.0 0.0 0.0 0.0 0.0 0.0 0.0 0.0 -0.0 -0.0 -0.1 -0.1 -0.1 -0.1 -0.1 -0.2 -0.2 -0.2 -0.2 -0.3
syst_sys54+ 0.0 0.0 0.0 0.0 0.0 0.0 0.0 0.0 0.0 0.0 0.0 0.0 0.0 0.0 0.0 0.0 0.0 0.0 0.0 0.0 0.0 0.0 0.0 0.0 0.0 0.0 0.0 0.0 0.0 0.0 0.0
syst_sys54- 0.0 0.0 0.0 0.0 0.0 0.0 0.0 0.0 0.0 0.0 0.0 0.0 0.0 0.0 0.0 0.0 0.0 0.0 0.0 0.0 0.0 0.0 0.0 0.0 0.0 0.0 0.0 0.0 0.0 0.0 0.0
syst_sys55+ 0.4 0.3 0.3 0.3 0.3 0.3 0.2 0.2 0.2 0.2 0.2 0.2 0.2 0.1 0.2 0.2 0.2 0.2 0.2 0.2 0.3 0.3 0.4 0.4 0.3 0.4 0.6 0.5 0.8 1.3 2.5
syst_sys55- -0.4 -0.4 -0.3 -0.3 -0.3 -0.2 -0.2 -0.2 -0.2 -0.2 -0.2 -0.2 -0.2 -0.2 -0.2 -0.2 -0.2 -0.2 -0.2 -0.3 -0.2 -0.3 -0.3 -0.3 -0.4 -0.5 -0.5 -0.6 -0.8 -1.3 -2.3
syst_sys56+ 0.0 0.0 0.0 0.0 0.0 0.0 0.0 0.0 0.0 0.0 0.0 0.0 0.0 0.0 0.0 0.0 0.0 0.0 0.0 0.0 0.0 0.0 0.0 0.0 0.0 0.0 0.0 0.0 0.0 0.0 0.0
syst_sys56- 0.0 0.0 0.0 0.0 0.0 0.0 0.0 0.0 0.0 0.0 0.0 0.0 0.0 0.0 0.0 0.0 0.0 0.0 0.0 0.0 0.0 0.0 0.0 0.0 0.0 0.0 0.0 0.0 0.0 0.0 0.0
syst_sys57+ 0.0 0.0 0.0 0.0 0.0 0.0 0.0 0.0 0.0 0.0 0.0 0.0 0.0 0.0 0.0 0.0 0.0 0.0 0.0 0.0 0.0 0.0 0.0 0.0 -0.2 -1.3 -2.7 -1.5 2.9 14 42
syst_sys57- -0.0 -0.0 -0.0 -0.0 -0.0 -0.0 -0.0 -0.0 -0.0 -0.0 -0.0 -0.0 -0.0 -0.0 -0.0 -0.0 -0.0 -0.0 -0.0 -0.0 -0.0 -0.0 -0.0 -0.0 0.2 1.4 3.0 1.5 -3.7 -16 -34
syst_sys58+ -2.8 -2.4 -2.1 -1.9 -1.8 -1.6 -1.4 -1.0 -0.8 -0.7 -1.0 -1.4 -1.7 -1.7 -1.6 -1.4 -1.2 -1.0 -1.0 -1.2 -1.4 -1.6 -1.6 -1.5 -1.3 -1.2 -1.2 -1.0 0.3 4.0 3.3
syst_sys58- 2.6 2.3 2.1 2.0 1.9 1.7 1.4 1.1 0.8 0.7 1.0 1.3 1.6 1.7 1.7 1.5 1.2 1.0 1.0 1.2 1.4 1.6 1.6 1.5 1.4 1.3 1.2 1.0 -0.3 -4.1 -2.9
syst_sys59+ -1.0 -0.8 -0.6 -0.5 -0.4 -0.4 -0.4 -0.4 -0.4 -0.4 -0.5 -0.5 -0.5 -0.4 -0.2 -0.1 -0.0 0.0 0.0 -0.0 -0.0 -0.0 -0.0 -0.0 -0.0 -0.0 -0.0 -0.0 -0.0 -0.0 -0.0
syst_sys59- 0.8 0.7 0.6 0.6 0.6 0.5 0.5 0.4 0.4 0.4 0.5 0.5 0.5 0.4 0.2 0.1 0.1 -0.0 -0.0 0.0 0.0 0.0 0.0 0.0 0.0 0.0 0.0 0.0 0.0 0.0 0.0
syst_sys60+ -1.4 -1.1 -0.9 -0.8 -0.7 -0.7 -0.6 -0.6 -0.6 -0.6 -0.7 -0.8 -0.8 -0.6 -0.3 -0.1 0.0 0.1 0.1 0.1 0.1 0.1 0.1 0.1 0.1 0.1 0.1 0.1 0.1 0.1 0.0
syst_sys60- 1.3 1.0 0.9 0.9 0.9 0.8 0.7 0.6 0.6 0.6 0.7 0.7 0.7 0.5 0.3 0.1 -0.0 -0.1 -0.1 -0.1 -0.1 -0.1 -0.1 -0.1 -0.1 -0.1 -0.1 -0.1 -0.1 -0.1 -0.1
syst_sys61+ 1.3 1.1 1.0 1.0 0.9 0.9 1.0 1.0 1.0 1.0 0.9 0.8 0.6 0.4 0.2 0.1 0.1 0.0 -0.0 -0.0 -0.0 -0.0 -0.0 -0.0 -0.0 -0.0 -0.0 -0.0 -0.0 -0.0 0.0
syst_sys61- -1.3 -1.1 -1.0 -0.9 -0.9 -0.9 -1.0 -1.0 -1.0 -1.0 -0.9 -0.8 -0.6 -0.4 -0.2 -0.1 -0.0 -0.0 0.0 0.0 0.0 0.0 0.0 0.0 0.0 0.0 0.0 0.0 0.0 0.0 0.0
syst_sys62+ 0.5 0.4 0.3 0.3 0.3 0.3 0.2 0.2 0.2 0.1 0.1 0.1 0.1 0.1 0.1 0.1 0.1 0.1 0.1 0.1 0.1 0.1 0.0 0.0 0.0 0.0 0.0 0.0 0.0 0.0 0.0
syst_sys62- -0.5 -0.4 -0.4 -0.3 -0.3 -0.2 -0.2 -0.2 -0.2 -0.2 -0.2 -0.1 -0.1 -0.1 -0.1 -0.1 -0.1 -0.1 -0.1 -0.1 -0.1 -0.1 -0.0 -0.0 -0.0 -0.0 -0.0 -0.0 -0.0 -0.0 -0.0
syst_sys63+ 5.9 5.6 5.5 5.4 5.1 4.5 3.8 3.3 3.0 2.8 2.7 2.6 2.4 2.2 2.0 1.8 1.6 1.5 1.4 1.3 1.3 1.3 1.2 1.1 1.1 1.0 0.9 0.8 0.7 0.7 0.5
syst_sys63- -5.8 -5.5 -5.3 -5.1 -4.6 -4.1 -3.6 -3.2 -2.9 -2.7 -2.7 -2.6 -2.4 -2.2 -1.9 -1.7 -1.6 -1.4 -1.4 -1.3 -1.3 -1.3 -1.2 -1.1 -1.0 -0.9 -0.9 -0.8 -0.7 -0.6 -0.6
syst_sys64+ 3.1 2.2 1.7 1.4 1.3 1.2 1.1 1.0 0.9 0.8 0.7 0.7 0.6 0.7 0.7 0.7 0.7 0.7 0.7 0.7 0.7 0.7 0.8 0.8 0.8 0.8 0.8 0.8 1.0 1.3 2.5
syst_sys64- -3.1 -2.2 -1.7 -1.4 -1.3 -1.2 -1.1 -1.0 -0.9 -0.8 -0.7 -0.7 -0.6 -0.7 -0.7 -0.7 -0.7 -0.7 -0.7 -0.7 -0.7 -0.7 -0.8 -0.8 -0.8 -0.8 -0.8 -0.8 -1.0 -1.3 -2.5
syst_sys65+ 0.1 0.1 0.1 0.1 0.1 0.1 0.1 0.1 0.0 0.0 0.0 0.0 0.0 0.0 0.0 0.0 0.0 0.0 0.0 0.0 0.0 0.0 0.0 0.0 0.0 0.0 0.0 0.0 0.0 0.0 0.0
syst_sys65- -0.1 -0.1 -0.1 -0.1 -0.1 -0.1 -0.1 -0.1 -0.0 -0.0 -0.0 -0.0 -0.0 -0.0 -0.0 -0.0 -0.0 -0.0 -0.0 -0.0 -0.0 -0.0 -0.0 -0.0 -0.0 -0.0 -0.0 -0.0 -0.0 -0.0 0.0
syst_sys66+ 0.1 0.1 0.0 0.0 0.0 0.0 0.0 0.0 0.0 0.0 0.0 0.0 0.0 0.0 0.0 0.0 0.0 0.0 0.0 0.0 0.0 0.0 0.0 0.0 0.1 0.2 0.4 0.2 2.7 2.1 8.5
syst_sys66- -0.1 -0.1 -0.0 -0.0 -0.0 -0.0 -0.0 -0.0 -0.0 -0.0 -0.0 -0.0 -0.0 -0.0 -0.0 -0.0 -0.0 -0.0 -0.0 -0.0 -0.0 -0.0 -0.0 -0.0 -0.1 -0.2 -0.4 -0.2 -2.7 -2.1 -8.5
syst_sys67+ 0.5 0.5 0.5 0.5 0.5 0.5 0.5 0.5 0.5 0.5 0.5 0.5 0.5 0.5 0.5 0.5 0.5 0.5 0.5 0.5 0.5 0.5 0.5 0.5 0.5 0.5 0.5 0.5 0.5 0.5 0.5
syst_sys67- -0.5 -0.5 -0.5 -0.5 -0.5 -0.5 -0.5 -0.5 -0.5 -0.5 -0.5 -0.5 -0.5 -0.5 -0.5 -0.5 -0.5 -0.5 -0.5 -0.5 -0.5 -0.5 -0.5 -0.5 -0.5 -0.5 -0.5 -0.5 -0.5 -0.5 -0.5
syst_sys68+ 1.8 1.8 1.8 1.8 1.8 1.8 1.8 1.8 1.8 1.8 1.8 1.8 1.8 1.8 1.8 1.8 1.8 1.8 1.8 1.8 1.8 1.8 1.8 1.8 1.8 1.8 1.8 1.8 1.8 1.8 1.8
syst_sys68- -1.8 -1.8 -1.8 -1.8 -1.8 -1.8 -1.8 -1.8 -1.8 -1.8 -1.8 -1.8 -1.8 -1.8 -1.8 -1.8 -1.8 -1.8 -1.8 -1.8 -1.8 -1.8 -1.8 -1.8 -1.8 -1.8 -1.8 -1.8 -1.8 -1.8 -1.8
syst_sys69+ 0.0 0.0 0.0 0.0 0.0 0.0 0.0 0.0 0.0 0.0 0.0 0.0 0.0 0.0 0.0 0.0 0.0 0.0 0.0 0.0 0.0 0.0 0.0 0.0 0.0 0.0 0.0 0.0 0.0 0.0 0.0
syst_sys69- -0.0 -0.0 -0.0 -0.0 -0.0 -0.0 -0.0 -0.0 -0.0 -0.0 -0.0 -0.0 -0.0 -0.0 -0.0 -0.0 -0.0 -0.0 -0.0 -0.0 -0.0 -0.0 -0.0 -0.0 -0.0 -0.0 -0.0 -0.0 -0.0 -0.0 -0.0
;mean xmin xmax cross staterr   +syst    -syst 
108.0 100 116 5.52e+03 0.54 8.83 8.72
125.0 116 134 2.60e+03 0.67 7.94 7.88
143.0 134 152 1.26e+03 0.75 7.58 7.46
162.0 152 172 6.34e+02 0.59 7.44 7.16
183.0 172 194 3.24e+02 0.48 7.20 6.76
205.0 194 216 1.70e+02 0.62 6.75 6.34
228.0 216 240 9.43e+01 0.45 6.25 6.09
252.0 240 264 5.27e+01 0.58 5.91 5.81
277.0 264 290 3.05e+01 0.74 5.68 5.66
304.0 290 318 1.75e+01 0.95 5.56 5.45
332.0 318 346 1.02e+01 0.92 5.56 5.44
361.0 346 376 6.17e+00 0.47 5.48 5.47
392.0 376 408 3.72e+00 0.27 5.43 5.46
425.0 408 442 2.25e+00 0.30 5.44 5.37
460.0 442 478 1.35e+00 0.31 5.32 5.13
497.0 478 516 8.09e-01 0.25 5.42 5.19
536.0 516 556 4.92e-01 0.32 5.62 5.45
577.0 556 598 2.98e-01 0.39 5.82 5.72
620.0 598 642 1.82e-01 0.49 6.24 6.21
665.0 642 688 1.11e-01 0.62 6.79 6.75
712.0 688 736 6.74e-02 0.77 7.45 7.24
761.0 736 786 4.17e-02 0.94 8.06 7.80
812.0 786 838 2.53e-02 1.2 8.75 8.44
866.0 838 894 1.51e-02 1.5 9.50 9.13
923.0 894 952 9.08e-03 1.9 10.07 9.74
982.0 952 1012 5.61e-03 2.4 10.90 10.44
1044.0 1012 1076 3.29e-03 3.1 11.83 11.34
1119.0 1076 1162 1.85e-03 3.8 12.23 11.62
1236.0 1162 1310 8.05e-04 5.0 13.53 13.11
1420.0 1310 1530 1.72e-04 9.5 20.63 21.55
1761.0 1530 1992 1.39e-05 24 46.77 39.07
