; Data taken from arxiv1410.8857 
; systematics
syst_statmc+  +1.1 +1.1 +0.83 +0.83 +0.92 +1.1 +1.6 +1.6 +2.3 +2.1 +2.3 +6.9
syst_statmc-  -1.1 -1.1 -0.83 -0.83 -0.92 -1.1 -1.6 -1.6 -2.3 -2.1 -2.3 -6.9
syst_sys1+ 4.1 4.0 4.1 4.5 5.0 5.8 7.0 7.9 8.2 9.3 12 19
syst_sys1- -3.5 -3.9 -4.4 -5.1 -5.6 -5.8 -6.4 -7.6 -8.0 -8.2 -10 -14
syst_sys2+ 1.1 0.9 0.8 0.8 0.7 0.6 0.6 0.5 0.4 0.3 0.3 0.3
syst_sys2- -0.9 -0.9 -0.9 -0.9 -0.8 -0.6 -0.6 -0.5 -0.4 -0.3 -0.3 -0.3
syst_sys3+ 0.0 0.0 0.0 0.0 0.0 0.0 0.0 0.0 0.0 0.0 0.0 -0.0
syst_sys3- -0.0 -0.0 -0.1 -0.1 -0.1 -0.0 -0.0 -0.0 -0.0 -0.0 -0.0 0.0
syst_sys4+ 0.5 0.4 0.5 0.4 0.4 0.3 0.3 0.3 0.2 0.2 0.2 0.0
syst_sys4- -0.4 -0.5 -0.5 -0.5 -0.4 -0.3 -0.2 -0.2 -0.1 -0.1 -0.0 -0.0
syst_sys5+ 2.2 1.7 1.6 1.6 1.5 1.4 1.4 1.2 1.0 0.8 0.9 0.3
syst_sys5- -1.9 -1.9 -1.9 -1.8 -1.7 -1.4 -1.3 -1.0 -0.8 -0.7 -0.8 -0.3
syst_sys6+ 0.0 -0.1 0.0 0.1 0.2 0.4 0.4 0.5 0.5 0.5 0.6 0.6
syst_sys6- -0.0 0.0 -0.0 -0.1 -0.3 -0.4 -0.5 -0.5 -0.4 -0.3 -0.2 -0.1
syst_sys7+ 0.0 0.0 0.0 0.0 0.0 0.0 0.0 0.0 0.0 0.0 0.0 -0.0
syst_sys7- -0.1 -0.1 -0.1 -0.0 -0.0 -0.0 -0.0 -0.0 -0.0 -0.0 -0.0 0.0
syst_sys8+ 0.8 0.7 0.6 0.6 0.6 0.6 0.6 0.6 0.5 0.5 0.7 0.3
syst_sys8- -0.7 -0.7 -0.7 -0.8 -0.7 -0.6 -0.6 -0.6 -0.5 -0.6 -0.7 -0.3
syst_sys9+ 0.0 0.1 0.1 0.1 0.1 0.1 0.1 0.2 0.2 0.2 0.1 0.1
syst_sys9- -0.1 -0.1 -0.1 -0.1 -0.1 -0.1 -0.1 -0.1 -0.1 -0.0 -0.0 -0.0
syst_sys10+ 0.5 0.5 0.6 0.6 0.5 0.4 0.4 0.3 0.2 0.2 0.2 0.0
syst_sys10- -0.5 -0.6 -0.6 -0.7 -0.6 -0.4 -0.3 -0.2 -0.2 -0.1 -0.0 -0.0
syst_sys11+ 0.4 0.4 0.4 0.5 0.4 0.4 0.4 0.4 0.4 0.4 0.4 0.3
syst_sys11- -0.4 -0.4 -0.5 -0.6 -0.5 -0.4 -0.4 -0.4 -0.4 -0.4 -0.6 -0.3
syst_sys12+ 1.3 1.2 1.2 1.2 1.2 1.3 1.6 1.7 1.6 1.6 2.0 3.2
syst_sys12- -1.1 -1.1 -1.2 -1.4 -1.4 -1.4 -1.4 -1.4 -1.3 -1.4 -1.8 -2.5
syst_sys13+ 0.8 0.7 0.7 0.8 0.8 0.9 1.2 1.3 1.4 1.5 1.9 3.8
syst_sys13- -0.7 -0.7 -0.8 -0.9 -0.9 -0.9 -1.0 -1.1 -1.2 -1.3 -1.8 -3.6
syst_sys14+ -0.0 0.0 0.1 0.1 0.1 0.2 0.2 0.2 0.2 0.2 0.1 0.1
syst_sys14- 0.0 -0.0 -0.1 -0.1 -0.2 -0.1 -0.1 -0.1 -0.1 -0.1 -0.1 -0.1
syst_sys15+ -0.0 -0.0 0.0 0.0 0.1 0.1 0.1 0.2 0.2 0.2 0.2 0.3
syst_sys15- 0.0 0.0 -0.0 -0.0 -0.1 -0.1 -0.1 -0.1 -0.1 -0.1 -0.1 -0.1
syst_sys16+ -0.0 -0.0 0.0 0.0 0.1 0.2 0.2 0.3 0.4 0.5 0.8 1.0
syst_sys16- 0.0 0.0 -0.0 -0.0 -0.1 -0.1 -0.2 -0.3 -0.3 -0.3 -0.2 -0.2
syst_sys17+ -0.0 -0.0 -0.0 0.0 0.0 0.1 0.1 0.2 0.3 0.5 0.8 1.7
syst_sys17- 0.0 0.0 0.0 -0.0 -0.0 -0.1 -0.1 -0.2 -0.3 -0.4 -0.7 -0.5
syst_sys18+ -0.0 0.0 0.1 0.2 0.2 0.3 0.4 0.4 0.4 0.5 0.7 0.9
syst_sys18- 0.0 -0.0 -0.1 -0.3 -0.3 -0.3 -0.3 -0.4 -0.4 -0.3 -0.2 -0.2
syst_sys19+ 0.0 0.0 0.0 0.0 0.1 0.2 0.3 0.4 0.4 0.6 1.0 1.7
syst_sys19- -0.0 -0.0 -0.0 -0.1 -0.1 -0.2 -0.3 -0.4 -0.5 -0.6 -0.8 -1.1
syst_sys20+ -0.0 0.0 0.1 0.1 0.2 0.3 0.5 0.6 0.7 0.8 1.3 2.8
syst_sys20- 0.0 -0.0 -0.1 -0.2 -0.3 -0.3 -0.4 -0.5 -0.6 -0.7 -1.0 -1.6
syst_sys21+ -0.0 0.0 0.1 0.1 0.2 0.3 0.3 0.4 0.4 0.5 0.7 0.9
syst_sys21- 0.0 -0.0 -0.1 -0.1 -0.2 -0.2 -0.3 -0.4 -0.4 -0.3 -0.3 -0.2
syst_sys22+ 0.0 0.0 0.0 0.0 0.0 0.0 0.0 0.0 0.0 0.0 0.0 0.0
syst_sys22- -0.0 -0.0 -0.0 -0.0 -0.0 -0.0 -0.0 -0.0 -0.0 -0.0 -0.0 -0.0
syst_sys23+ 0.0 0.0 0.0 0.0 0.0 0.0 0.0 0.0 0.0 0.0 0.0 0.0
syst_sys23- -0.0 -0.0 -0.0 -0.0 -0.0 -0.0 -0.0 -0.0 -0.0 -0.0 -0.0 -0.0
syst_sys24+ 0.0 0.0 0.0 0.0 0.0 0.0 0.0 0.1 0.1 0.1 0.1 0.1
syst_sys24- -0.1 -0.1 -0.0 -0.0 -0.0 -0.1 -0.1 -0.1 -0.1 -0.0 -0.0 -0.0
syst_sys25+ 0.0 0.0 0.0 0.0 0.0 0.0 0.0 0.0 0.0 0.0 0.0 0.0
syst_sys25- -0.1 -0.1 -0.0 -0.0 -0.0 -0.0 -0.0 -0.0 -0.0 -0.0 -0.0 -0.0
syst_sys26+ 0.2 0.1 0.1 0.0 0.0 0.0 0.0 0.0 0.0 0.0 0.0 -0.0
syst_sys26- -0.1 -0.1 -0.1 -0.1 -0.0 -0.0 -0.0 -0.0 -0.0 -0.0 -0.0 0.0
syst_sys27+ 0.3 0.2 0.1 0.1 0.1 0.0 0.0 0.0 0.0 0.0 -0.0 -0.0
syst_sys27- -0.3 -0.2 -0.1 -0.1 -0.1 -0.0 -0.0 -0.0 -0.0 -0.0 0.0 0.0
syst_sys28+ 0.5 0.3 0.2 0.2 0.1 0.2 0.1 0.1 0.0 0.0 0.0 0.0
syst_sys28- -0.4 -0.4 -0.3 -0.2 -0.1 -0.1 -0.1 -0.0 -0.0 -0.0 -0.0 -0.0
syst_sys29+ 0.6 0.5 0.4 0.3 0.2 0.2 0.2 0.1 0.1 0.1 0.1 0.0
syst_sys29- -0.5 -0.5 -0.5 -0.4 -0.3 -0.2 -0.1 -0.1 -0.0 -0.0 -0.0 -0.0
syst_sys30+ 0.4 0.5 0.6 0.5 0.4 0.4 0.3 0.3 0.2 0.2 0.2 0.0
syst_sys30- -0.3 -0.5 -0.6 -0.7 -0.5 -0.3 -0.3 -0.2 -0.1 -0.1 -0.0 -0.0
syst_sys31+ 0.0 0.1 0.4 0.6 0.6 0.6 0.5 0.4 0.3 0.2 0.1 0.1
syst_sys31- -0.0 -0.1 -0.1 -0.2 -0.4 -0.5 -0.5 -0.4 -0.3 -0.1 -0.0 -0.0
syst_sys32+ -0.0 -0.0 -0.0 0.0 0.1 0.2 0.3 0.3 0.3 0.3 0.2 0.1
syst_sys32- 0.0 0.0 0.0 -0.0 -0.1 -0.2 -0.3 -0.3 -0.3 -0.2 -0.1 -0.1
syst_sys33+ 0.0 0.0 0.0 0.0 0.0 0.0 0.0 0.0 0.0 0.0 0.0 0.0
syst_sys33- -0.0 -0.0 -0.0 -0.0 -0.0 -0.0 -0.0 -0.0 -0.0 -0.0 -0.0 -0.0
syst_sys34+ 0.0 0.0 0.0 0.0 0.0 0.0 -0.0 -0.0 -0.0 -0.0 -0.0 -0.0
syst_sys34- -0.0 -0.0 -0.0 -0.0 -0.0 -0.0 0.0 0.0 0.0 0.0 0.0 0.0
syst_sys35+ 0.0 0.0 0.0 0.0 0.0 0.0 0.0 0.0 0.0 0.0 -0.0 -0.0
syst_sys35- -0.1 -0.1 -0.1 -0.1 -0.0 -0.0 -0.0 -0.0 -0.0 -0.0 0.0 0.0
syst_sys36+ 0.0 0.0 0.0 0.0 0.0 0.0 0.0 0.0 0.0 0.0 -0.0 -0.0
syst_sys36- -0.1 -0.1 -0.1 -0.1 -0.0 -0.0 -0.0 -0.0 -0.0 -0.0 0.0 0.0
syst_sys37+ 0.1 0.1 0.1 0.1 0.1 0.1 0.0 0.0 0.0 0.0 0.0 -0.0
syst_sys37- -0.0 -0.1 -0.1 -0.1 -0.1 -0.1 -0.1 -0.0 -0.0 -0.0 -0.0 0.0
syst_sys38+ 0.0 0.0 0.0 0.0 0.0 0.1 0.1 0.1 0.1 0.1 0.1 0.0
syst_sys38- -0.0 -0.0 -0.1 -0.1 -0.1 -0.0 -0.0 -0.0 -0.0 -0.0 -0.0 -0.0
syst_sys39+ -0.0 0.0 0.0 0.1 0.1 0.2 0.2 0.2 0.2 0.2 0.1 0.1
syst_sys39- 0.0 -0.0 -0.0 -0.1 -0.1 -0.1 -0.2 -0.2 -0.1 -0.1 -0.0 -0.0
syst_sys40+ -0.0 -0.0 -0.0 0.0 0.0 0.1 0.2 0.3 0.3 0.2 0.3 0.3
syst_sys40- 0.0 0.0 0.0 -0.0 -0.1 -0.1 -0.2 -0.2 -0.2 -0.3 -0.3 -0.3
syst_sys41+ -0.0 -0.0 -0.0 -0.0 0.0 0.0 0.1 0.1 0.2 0.2 0.4 0.3
syst_sys41- 0.0 0.0 0.0 0.0 -0.0 -0.0 -0.1 -0.1 -0.2 -0.2 -0.2 -0.3
syst_sys42+ 0.0 0.0 0.0 -0.0 -0.0 -0.0 0.0 0.0 0.0 0.1 0.4 0.7
syst_sys42- -0.0 -0.0 -0.0 0.0 0.0 0.0 -0.0 -0.0 -0.0 -0.0 -0.0 -0.0
syst_sys43+ 0.0 0.0 0.0 0.0 0.0 0.0 -0.0 -0.0 0.0 0.0 0.0 0.0
syst_sys43- -0.0 -0.0 -0.0 -0.0 -0.0 -0.0 0.0 0.0 -0.0 -0.0 -0.0 -0.0
syst_sys44+ -0.0 -0.0 -0.0 -0.0 -0.0 -0.0 -0.0 -0.0 -0.0 -0.0 -0.0 -0.0
syst_sys44- 0.0 0.0 0.0 0.0 0.0 0.0 0.0 0.0 0.0 0.0 0.0 0.0
syst_sys45+ 0.0 0.0 0.0 0.0 0.0 0.0 0.0 0.0 0.0 0.0 0.0 0.0
syst_sys45- -0.0 -0.0 -0.0 -0.0 -0.0 -0.0 -0.0 -0.0 -0.0 -0.0 -0.0 -0.0
syst_sys46+ 0.0 0.0 0.0 0.0 0.0 0.0 0.0 0.0 0.0 0.0 0.0 0.0
syst_sys46- -0.0 -0.0 -0.0 -0.0 -0.0 -0.0 -0.0 -0.0 -0.0 -0.0 -0.0 -0.0
syst_sys47+ 0.0 0.0 0.0 0.0 0.0 0.0 0.0 0.0 0.0 0.0 0.0 0.0
syst_sys47- -0.0 -0.0 -0.0 -0.0 -0.0 -0.0 -0.0 -0.0 -0.0 -0.0 -0.0 -0.0
syst_sys48+ 0.0 0.0 0.0 0.0 0.0 0.0 0.0 0.0 0.0 0.0 0.0 0.1
syst_sys48- -0.0 -0.0 -0.0 -0.0 -0.0 -0.0 -0.0 -0.0 -0.0 -0.0 -0.0 -0.0
syst_sys49+ 0.0 0.0 0.0 0.0 0.0 0.0 0.0 0.0 0.0 0.0 0.0 0.0
syst_sys49- 0.0 0.0 0.0 0.0 0.0 0.0 0.0 0.0 0.0 0.0 0.0 0.0
syst_sys50+ 0.0 0.0 0.0 0.0 0.0 0.0 0.0 0.0 0.0 0.0 0.0 0.0
syst_sys50- 0.0 0.0 0.0 0.0 0.0 0.0 0.0 0.0 0.0 0.0 0.0 0.0
syst_sys51+ 0.0 0.0 0.0 0.0 0.0 0.0 0.0 0.0 0.0 0.0 0.0 0.0
syst_sys51- 0.0 0.0 0.0 0.0 0.0 0.0 0.0 0.0 0.0 0.0 0.0 0.0
syst_sys52+ 0.0 0.0 0.0 0.0 0.0 0.0 0.0 0.0 0.0 0.0 0.0 0.0
syst_sys52- 0.0 0.0 0.0 0.0 0.0 0.0 0.0 0.0 0.0 0.0 0.0 0.0
syst_sys53+ 0.0 0.0 0.0 0.0 0.0 0.0 0.0 0.0 0.0 0.0 0.0 0.0
syst_sys53- 0.0 0.0 0.0 0.0 0.0 0.0 0.0 0.0 0.0 0.0 0.0 0.0
syst_sys54+ 0.0 0.0 0.0 0.0 0.0 0.0 0.0 0.0 0.0 0.0 0.0 0.0
syst_sys54- 0.0 0.0 0.0 0.0 0.0 0.0 0.0 0.0 0.0 0.0 0.0 0.0
syst_sys55+ 1.2 1.1 1.1 1.2 1.4 1.5 1.8 2.1 2.2 2.2 2.1 3.2
syst_sys55- -1.1 -1.2 -1.3 -1.5 -1.5 -1.5 -1.7 -1.8 -1.4 -1.2 -2.4 -2.0
syst_sys56+ 20 20 21 22 24 26 29 32 33 35 39 51
syst_sys56- -16 -17 -18 -19 -21 -22 -23 -25 -26 -26 -27 -35
syst_sys57+ 0.0 0.0 0.0 0.0 0.0 0.0 0.0 0.0 0.0 0.0 0.0 0.0
syst_sys57- 0.0 0.0 0.0 0.0 0.0 0.0 0.0 0.0 0.0 0.0 0.0 0.0
syst_sys58+ -5.9 -6.1 -6.3 -6.1 -5.5 -5.0 -5.5 -6.9 -8.3 -8.7 -7.0 4.1
syst_sys58- 6.5 6.3 6.2 5.7 5.0 4.9 5.6 7.1 9.3 11 9.9 -3.3
syst_sys59+ -0.4 -0.4 -0.5 -0.6 -0.6 -0.4 -0.4 -0.4 -0.4 -0.3 -0.3 0.9
syst_sys59- 0.7 0.4 0.4 0.5 0.5 0.5 0.6 0.6 0.5 0.4 0.5 -0.9
syst_sys60+ -1.9 -2.1 -2.4 -2.6 -2.4 -2.2 -2.2 -2.2 -2.2 -2.4 -2.9 -5.5
syst_sys60- 2.5 2.1 2.1 2.1 2.1 2.1 2.3 2.4 2.4 2.4 2.5 6.2
syst_sys61+ 1.4 1.3 1.1 1.0 1.0 1.1 1.2 1.4 1.5 1.6 1.5 1.4
syst_sys61- -1.4 -1.1 -1.0 -1.0 -1.1 -1.1 -1.1 -1.3 -1.4 -1.4 -1.2 -0.3
syst_sys62+ 0.4 0.4 0.4 0.5 0.4 0.5 0.5 0.5 0.4 0.4 0.6 0.3
syst_sys62- -0.3 -0.4 -0.5 -0.5 -0.5 -0.5 -0.5 -0.5 -0.4 -0.5 -0.6 -0.3
syst_sys63+ 3.5 2.8 2.5 2.4 2.4 2.5 2.8 2.8 2.6 2.6 2.9 3.0
syst_sys63- -3.0 -2.9 -2.8 -2.9 -2.8 -2.6 -2.6 -2.6 -2.5 -2.4 -2.5 -3.4
syst_sys64+ 13 10 9.0 8.4 8.4 8.9 9.7 10 12 13 16 29
syst_sys64- -13 -10 -9.0 -8.4 -8.4 -8.9 -9.7 -10 -12 -13 -16 -29
syst_sys65+ 2.6 2.3 2.1 1.9 2.0 2.3 2.7 2.9 2.9 3.0 3.6 11
syst_sys65- -2.6 -2.3 -2.1 -1.9 -2.0 -2.3 -2.7 -2.9 -2.9 -3.0 -3.6 -11
syst_sys66+ 0.1 0.1 0.0 0.0 0.0 0.1 0.0 0.0 0.1 0.0 0.1 0.3
syst_sys66- -0.1 -0.1 -0.0 -0.0 -0.0 -0.1 -0.0 -0.0 -0.1 -0.0 -0.1 -0.3
syst_sys67+ 0.5 0.5 0.5 0.5 0.5 0.5 0.5 0.5 0.5 0.5 0.5 0.5
syst_sys67- -0.5 -0.5 -0.5 -0.5 -0.5 -0.5 -0.5 -0.5 -0.5 -0.5 -0.5 -0.5
syst_sys68+ 1.8 1.8 1.8 1.8 1.8 1.8 1.8 1.8 1.8 1.8 1.8 1.8
syst_sys68- -1.8 -1.8 -1.8 -1.8 -1.8 -1.8 -1.8 -1.8 -1.8 -1.8 -1.8 -1.8
syst_sys69+ 0.0 0.0 0.0 0.0 0.0 0.0 0.0 0.0 0.0 0.0 0.0 0.0
syst_sys69- -0.0 -0.0 -0.0 -0.0 -0.0 -0.0 -0.0 -0.0 -0.0 -0.0 -0.0 -0.0
;mean xmin xmax cross staterr   +syst    -syst 
108.0 100 116 1.36e+03 1.0 25.73 22.76
125.0 116 134 5.20e+02 1.5 24.21 21.86
143.0 134 152 2.04e+02 2.1 24.68 22.26
162.0 152 172 8.20e+01 1.7 25.35 22.89
183.0 172 194 3.10e+01 1.6 27.05 24.52
205.0 194 216 1.14e+01 2.5 29.08 25.55
228.0 216 240 4.30e+00 2.2 32.47 27.06
252.0 240 264 1.50e+00 3.5 35.73 29.53
277.0 264 290 4.86e-01 5.7 37.60 31.78
304.0 290 318 1.77e-01 9.2 40.02 32.74
347.0 318 376 2.89e-02 14 45.06 35.15
427.0 376 478 8.92e-04 9.9 63.93 50.24
