; Data taken from arxiv1410.8857 
; systematics
syst_statmc+  +0.99 +0.66 +0.54 +0.43 +0.45 +0.47 +0.43 +0.42 +0.50 +0.52 +0.66 +0.78 +0.80 +0.67 +0.59 +0.52 +0.58 +0.57 +0.52 +0.64 +0.61 +0.55 +2.9
syst_statmc-  -0.99 -0.66 -0.54 -0.43 -0.45 -0.47 -0.43 -0.42 -0.50 -0.52 -0.66 -0.78 -0.80 -0.67 -0.59 -0.52 -0.58 -0.57 -0.52 -0.64 -0.61 -0.55 -2.9
syst_sys1+ 3.3 3.3 3.5 3.6 3.7 3.9 4.0 4.2 4.5 4.7 4.6 4.7 5.1 5.0 5.5 6.3 6.9 7.5 7.9 9.0 9.4 11 15
syst_sys1- -3.2 -3.0 -3.1 -3.4 -3.6 -3.8 -4.0 -4.2 -4.2 -4.2 -4.5 -5.0 -4.7 -4.5 -4.9 -5.7 -6.1 -7.1 -8.0 -8.4 -9.0 -10 -13
syst_sys2+ 1.0 0.8 0.8 0.7 0.5 0.5 0.4 0.4 0.3 0.2 0.2 0.2 0.1 0.1 0.1 0.1 0.1 0.1 0.1 0.1 0.1 0.1 0.2
syst_sys2- -0.9 -0.7 -0.7 -0.6 -0.6 -0.5 -0.4 -0.3 -0.3 -0.2 -0.2 -0.2 -0.1 -0.1 -0.1 -0.1 -0.1 -0.1 -0.1 -0.1 -0.1 -0.1 -0.0
syst_sys3+ 0.0 0.0 0.0 0.0 0.0 0.0 0.0 0.0 0.0 0.0 0.0 0.0 0.0 0.0 0.0 0.0 0.0 0.0 0.0 0.0 0.0 0.0 -0.0
syst_sys3- -0.0 -0.0 -0.0 -0.0 -0.0 -0.0 -0.0 -0.0 -0.0 -0.0 -0.0 -0.0 -0.0 -0.0 -0.0 -0.0 -0.0 -0.0 -0.0 -0.0 -0.0 -0.0 0.0
syst_sys4+ 0.4 0.3 0.3 0.2 0.2 0.2 0.2 0.2 0.2 0.1 0.1 0.1 0.1 0.1 0.1 0.1 0.1 0.1 0.1 0.1 0.1 0.1 0.4
syst_sys4- -0.4 -0.4 -0.3 -0.3 -0.3 -0.3 -0.2 -0.2 -0.1 -0.1 -0.1 -0.1 -0.1 -0.1 -0.1 -0.1 -0.1 -0.1 -0.1 -0.1 -0.1 -0.1 -0.2
syst_sys5+ 1.9 1.8 1.6 1.4 1.2 1.1 0.9 0.8 0.6 0.6 0.5 0.4 0.4 0.3 0.3 0.3 0.3 0.3 0.3 0.3 0.3 0.4 1.1
syst_sys5- -1.7 -1.5 -1.4 -1.3 -1.2 -1.0 -0.9 -0.7 -0.6 -0.5 -0.4 -0.4 -0.3 -0.3 -0.3 -0.3 -0.3 -0.3 -0.3 -0.3 -0.3 -0.4 -1.2
syst_sys6+ -0.1 -0.1 -0.0 0.0 0.0 0.1 0.3 0.3 0.4 0.4 0.3 0.3 0.2 0.2 0.2 0.2 0.1 0.1 0.1 0.1 0.1 0.1 0.2
syst_sys6- 0.0 0.1 0.0 -0.0 -0.1 -0.2 -0.3 -0.3 -0.3 -0.3 -0.3 -0.3 -0.2 -0.2 -0.2 -0.2 -0.1 -0.1 -0.1 -0.1 -0.1 -0.1 -0.0
syst_sys7+ 0.1 0.0 0.0 0.0 0.0 0.0 0.0 0.0 0.0 0.0 0.0 0.0 0.0 0.0 0.0 0.0 0.0 0.0 0.0 0.0 0.0 0.0 -0.0
syst_sys7- -0.1 -0.1 -0.0 -0.0 -0.0 -0.0 -0.0 -0.0 -0.0 -0.0 -0.0 -0.0 -0.0 -0.0 -0.0 -0.0 -0.0 -0.0 -0.0 -0.0 -0.0 -0.0 0.0
syst_sys8+ 0.7 0.6 0.6 0.5 0.4 0.4 0.4 0.4 0.4 0.4 0.4 0.4 0.4 0.4 0.5 0.5 0.5 0.5 0.6 0.6 0.7 0.8 1.6
syst_sys8- -0.7 -0.6 -0.5 -0.5 -0.4 -0.4 -0.4 -0.4 -0.4 -0.4 -0.4 -0.4 -0.4 -0.4 -0.5 -0.5 -0.5 -0.5 -0.6 -0.6 -0.7 -0.8 -1.9
syst_sys9+ 0.1 0.1 0.1 0.1 0.1 0.1 0.1 0.1 0.1 0.1 0.1 0.1 0.1 0.1 0.2 0.2 0.2 0.2 0.2 0.2 0.2 0.2 0.1
syst_sys9- -0.1 -0.1 -0.1 -0.1 -0.1 -0.1 -0.1 -0.1 -0.1 -0.1 -0.1 -0.1 -0.1 -0.1 -0.1 -0.2 -0.2 -0.2 -0.2 -0.2 -0.2 -0.2 -0.1
syst_sys10+ 0.5 0.4 0.3 0.3 0.3 0.3 0.3 0.2 0.2 0.2 0.1 0.1 0.1 0.1 0.1 0.1 0.1 0.1 0.1 0.1 0.1 0.2 0.4
syst_sys10- -0.5 -0.4 -0.4 -0.4 -0.4 -0.4 -0.3 -0.2 -0.2 -0.1 -0.1 -0.1 -0.1 -0.1 -0.1 -0.1 -0.1 -0.1 -0.1 -0.1 -0.1 -0.1 -0.2
syst_sys11+ 0.3 0.4 0.5 0.4 0.3 0.3 0.3 0.3 0.3 0.3 0.3 0.3 0.3 0.4 0.4 0.4 0.4 0.5 0.5 0.5 0.6 0.7 1.6
syst_sys11- -0.4 -0.3 -0.3 -0.3 -0.3 -0.3 -0.3 -0.3 -0.3 -0.3 -0.3 -0.3 -0.3 -0.3 -0.3 -0.3 -0.4 -0.4 -0.5 -0.6 -0.7 -0.8 -1.9
syst_sys12+ 1.3 1.1 1.1 1.0 0.9 0.9 0.9 0.9 0.9 1.0 1.0 1.0 1.0 1.1 1.1 1.1 1.1 1.1 1.1 1.0 1.0 1.0 1.6
syst_sys12- -1.0 -0.9 -0.9 -0.9 -0.9 -0.9 -0.9 -0.9 -0.9 -0.9 -0.9 -1.0 -1.0 -1.1 -1.1 -1.1 -1.1 -1.1 -1.1 -1.1 -1.1 -1.1 -1.8
syst_sys13+ 0.7 0.6 0.7 0.6 0.5 0.6 0.6 0.7 0.8 0.9 0.9 1.0 1.0 1.2 1.3 1.4 1.6 1.7 1.9 2.0 2.2 2.5 3.8
syst_sys13- -0.7 -0.6 -0.6 -0.6 -0.5 -0.6 -0.6 -0.7 -0.7 -0.8 -0.9 -1.0 -1.0 -1.1 -1.2 -1.4 -1.5 -1.7 -1.9 -2.1 -2.2 -2.6 -3.9
syst_sys14+ -0.0 -0.0 0.0 0.0 0.1 0.1 0.1 0.1 0.1 0.1 0.1 0.1 0.1 0.1 0.1 0.1 0.1 0.1 0.1 0.1 0.2 0.2 0.5
syst_sys14- 0.0 0.0 -0.0 -0.1 -0.1 -0.1 -0.1 -0.1 -0.1 -0.1 -0.1 -0.1 -0.1 -0.1 -0.1 -0.1 -0.1 -0.1 -0.1 -0.2 -0.2 -0.2 -0.5
syst_sys15+ -0.0 0.0 0.0 0.0 0.0 0.1 0.1 0.1 0.1 0.1 0.2 0.2 0.2 0.3 0.3 0.3 0.4 0.5 0.6 0.7 0.9 1.2 2.7
syst_sys15- 0.0 -0.0 -0.0 -0.0 -0.0 -0.1 -0.1 -0.1 -0.1 -0.1 -0.1 -0.2 -0.2 -0.2 -0.3 -0.3 -0.4 -0.5 -0.6 -0.8 -1.0 -1.3 -2.8
syst_sys16+ -0.0 -0.0 0.0 0.0 0.0 0.1 0.1 0.1 0.2 0.3 0.3 0.3 0.4 0.5 0.6 0.7 0.8 1.0 1.2 1.4 1.6 2.1 4.4
syst_sys16- 0.0 0.0 -0.0 -0.0 -0.0 -0.1 -0.1 -0.1 -0.2 -0.2 -0.3 -0.3 -0.4 -0.5 -0.6 -0.7 -0.8 -1.0 -1.2 -1.4 -1.7 -2.2 -4.3
syst_sys17+ 0.0 -0.0 -0.0 -0.0 -0.0 0.0 0.0 0.1 0.2 0.3 0.3 0.4 0.4 0.5 0.7 0.8 1.0 1.4 1.8 2.3 2.9 4.1 9.5
syst_sys17- -0.0 0.0 0.0 0.0 0.0 -0.0 -0.0 -0.1 -0.1 -0.2 -0.3 -0.3 -0.4 -0.5 -0.6 -0.8 -1.0 -1.4 -1.9 -2.4 -3.0 -4.2 -9.0
syst_sys18+ -0.0 0.0 0.0 0.1 0.1 0.2 0.2 0.3 0.3 0.3 0.3 0.3 0.4 0.4 0.5 0.5 0.6 0.7 0.9 1.1 1.4 2.0 5.1
syst_sys18- 0.0 -0.0 -0.0 -0.1 -0.1 -0.2 -0.2 -0.3 -0.3 -0.3 -0.3 -0.3 -0.3 -0.4 -0.4 -0.5 -0.5 -0.7 -0.9 -1.2 -1.5 -2.1 -4.6
syst_sys19+ -0.0 -0.0 0.0 0.0 0.1 0.1 0.2 0.2 0.3 0.4 0.4 0.4 0.5 0.6 0.7 0.8 0.9 1.0 1.2 1.3 1.5 1.9 3.6
syst_sys19- 0.0 0.0 -0.0 -0.0 -0.0 -0.1 -0.2 -0.2 -0.3 -0.3 -0.4 -0.4 -0.5 -0.6 -0.7 -0.8 -0.9 -1.0 -1.2 -1.4 -1.6 -2.0 -3.8
syst_sys20+ -0.0 -0.0 0.0 0.0 0.1 0.2 0.3 0.4 0.4 0.5 0.5 0.5 0.6 0.7 0.9 1.3 1.9 2.7 3.6 4.6 5.7 7.9 18
syst_sys20- 0.0 0.0 -0.0 -0.1 -0.2 -0.2 -0.3 -0.4 -0.4 -0.4 -0.5 -0.5 -0.6 -0.7 -0.9 -1.2 -1.8 -2.7 -3.7 -4.7 -5.8 -8.0 -15
syst_sys21+ -0.0 0.0 0.0 0.1 0.1 0.1 0.2 0.3 0.3 0.3 0.4 0.3 0.4 0.5 0.6 0.7 0.8 0.9 1.1 1.3 1.5 1.9 3.5
syst_sys21- 0.0 -0.0 -0.0 -0.0 -0.1 -0.2 -0.2 -0.2 -0.2 -0.3 -0.3 -0.3 -0.4 -0.4 -0.5 -0.6 -0.8 -0.9 -1.1 -1.4 -1.6 -2.0 -3.7
syst_sys22+ 0.0 0.0 0.0 0.0 0.0 0.0 0.0 0.0 0.0 0.0 0.0 0.0 0.0 0.0 0.0 0.0 0.0 0.0 0.0 0.0 0.0 -0.0 -0.0
syst_sys22- -0.1 -0.0 -0.0 -0.0 -0.0 -0.0 -0.0 -0.0 -0.0 -0.0 -0.0 -0.0 -0.0 -0.0 -0.0 -0.0 -0.0 -0.0 -0.0 -0.0 -0.0 0.0 0.0
syst_sys23+ 0.0 0.0 0.0 0.0 0.0 0.0 0.0 0.0 0.0 0.0 0.0 0.0 0.0 0.0 0.0 0.0 0.0 0.0 0.0 0.0 0.0 -0.0 -0.0
syst_sys23- -0.1 -0.0 -0.0 -0.0 -0.0 -0.0 -0.0 -0.0 -0.0 -0.0 -0.0 -0.0 -0.0 -0.0 -0.0 -0.0 -0.0 -0.0 -0.0 -0.0 -0.0 0.0 0.0
syst_sys24+ 0.0 0.0 0.0 0.0 0.0 0.0 0.0 0.0 0.0 0.1 0.1 0.1 0.1 0.0 0.1 0.1 0.1 0.1 0.1 0.1 0.1 0.2 0.4
syst_sys24- -0.1 -0.1 -0.0 -0.0 -0.0 -0.0 -0.0 -0.0 -0.0 -0.0 -0.1 -0.1 -0.0 -0.1 -0.1 -0.1 -0.1 -0.1 -0.1 -0.1 -0.1 -0.2 -0.4
syst_sys25+ 0.1 0.1 0.0 0.0 0.0 0.0 0.0 0.0 0.0 0.0 0.0 0.0 0.0 0.0 0.0 0.0 0.0 0.0 0.0 0.0 0.0 0.0 0.0
syst_sys25- -0.1 -0.1 -0.0 -0.0 -0.0 -0.0 -0.0 -0.0 -0.0 -0.0 -0.0 -0.0 -0.0 -0.0 -0.0 -0.0 -0.0 -0.0 -0.0 -0.0 -0.0 -0.0 -0.0
syst_sys26+ 0.2 0.1 0.1 0.0 0.0 0.0 0.0 0.0 0.0 0.0 0.0 0.0 0.0 0.0 0.0 0.0 0.0 0.0 0.0 0.0 0.0 0.1 0.4
syst_sys26- -0.2 -0.1 -0.1 -0.0 -0.0 -0.0 -0.0 -0.0 -0.0 -0.0 -0.0 -0.0 -0.0 -0.0 -0.0 -0.0 -0.0 -0.0 -0.0 -0.0 -0.1 -0.1 -0.2
syst_sys27+ 0.3 0.1 0.1 0.0 0.0 0.0 0.0 0.0 0.0 0.0 0.0 0.0 0.0 0.0 0.0 0.0 0.0 0.0 0.0 0.0 0.0 0.0 -0.0
syst_sys27- -0.3 -0.2 -0.1 -0.1 -0.1 -0.0 -0.0 -0.0 -0.0 -0.0 -0.0 -0.0 -0.0 -0.0 -0.0 -0.0 -0.0 -0.0 -0.0 -0.0 -0.0 -0.0 0.0
syst_sys28+ 0.3 0.1 0.1 0.1 0.1 0.1 0.0 0.0 0.0 0.0 0.0 0.0 0.0 0.0 0.0 0.0 0.0 0.0 0.0 0.1 0.1 0.1 0.2
syst_sys28- -0.5 -0.3 -0.2 -0.1 -0.1 -0.1 -0.1 -0.0 -0.0 -0.0 -0.0 -0.0 -0.0 -0.0 -0.0 -0.0 -0.0 -0.0 -0.0 -0.0 -0.1 -0.1 -0.2
syst_sys29+ 0.5 0.5 0.5 0.4 0.2 0.1 0.1 0.1 0.1 0.1 0.1 0.1 0.0 0.0 0.0 0.0 0.0 0.0 0.1 0.1 0.1 0.1 0.3
syst_sys29- -0.5 -0.4 -0.3 -0.3 -0.2 -0.1 -0.1 -0.1 -0.1 -0.1 -0.0 -0.0 -0.0 -0.0 -0.0 -0.0 -0.0 -0.0 -0.1 -0.1 -0.1 -0.1 -0.2
syst_sys30+ 0.2 0.4 0.5 0.5 0.4 0.3 0.2 0.2 0.2 0.1 0.1 0.1 0.1 0.1 0.1 0.1 0.1 0.0 0.0 0.0 0.1 0.1 0.2
syst_sys30- -0.3 -0.4 -0.4 -0.4 -0.4 -0.3 -0.2 -0.2 -0.1 -0.1 -0.1 -0.1 -0.1 -0.1 -0.1 -0.1 -0.1 -0.1 -0.1 -0.1 -0.1 -0.1 -0.1
syst_sys31+ 0.1 0.1 0.4 0.5 0.5 0.5 0.4 0.3 0.2 0.2 0.1 0.1 0.1 0.1 0.1 0.1 0.1 0.1 0.1 0.1 0.1 0.2 0.6
syst_sys31- -0.1 -0.1 -0.2 -0.3 -0.5 -0.5 -0.4 -0.3 -0.2 -0.2 -0.1 -0.1 -0.1 -0.1 -0.1 -0.1 -0.1 -0.1 -0.1 -0.1 -0.1 -0.2 -0.5
syst_sys32+ -0.0 -0.0 -0.0 0.0 0.1 0.1 0.2 0.2 0.2 0.2 0.2 0.2 0.1 0.1 0.1 0.1 0.1 0.1 0.1 0.1 0.1 0.1 0.1
syst_sys32- 0.0 0.0 0.0 -0.0 -0.1 -0.1 -0.2 -0.2 -0.2 -0.2 -0.2 -0.2 -0.1 -0.1 -0.1 -0.1 -0.1 -0.1 -0.1 -0.1 -0.1 -0.1 -0.0
syst_sys33+ 0.0 0.0 0.0 0.0 0.0 0.0 0.0 0.0 0.0 0.0 0.0 0.0 0.0 0.0 0.0 0.0 0.0 0.0 0.0 0.0 0.0 0.0 -0.0
syst_sys33- -0.0 -0.0 -0.0 -0.0 -0.0 -0.0 -0.0 -0.0 -0.0 -0.0 -0.0 -0.0 -0.0 -0.0 -0.0 -0.0 -0.0 -0.0 -0.0 -0.0 -0.0 -0.0 0.0
syst_sys34+ 0.0 0.0 0.0 0.0 0.0 0.0 0.0 0.0 0.0 0.0 0.0 0.0 0.0 0.0 0.0 0.0 0.0 0.0 0.0 0.0 0.0 0.0 -0.0
syst_sys34- -0.0 -0.0 -0.0 -0.0 -0.0 -0.0 -0.0 -0.0 -0.0 -0.0 -0.0 -0.0 -0.0 -0.0 -0.0 -0.0 -0.0 -0.0 -0.0 -0.0 -0.0 -0.0 0.0
syst_sys35+ 0.2 0.1 0.0 0.0 0.0 0.0 0.0 0.0 0.0 0.0 0.0 0.0 0.0 0.0 0.0 0.0 0.0 0.0 0.0 0.0 0.0 0.0 -0.0
syst_sys35- -0.1 -0.1 -0.0 -0.0 -0.0 -0.0 -0.0 -0.0 -0.0 -0.0 -0.0 -0.0 -0.0 -0.0 -0.0 -0.0 -0.0 -0.0 -0.0 -0.0 -0.0 -0.0 0.0
syst_sys36+ 0.0 0.0 0.0 0.0 0.0 0.0 0.0 0.0 0.0 0.0 0.0 0.0 0.0 0.0 0.0 0.0 0.0 0.0 0.0 0.0 0.0 0.0 -0.0
syst_sys36- -0.0 -0.0 -0.0 -0.0 -0.0 -0.0 -0.0 -0.0 -0.0 -0.0 -0.0 -0.0 -0.0 -0.0 -0.0 -0.0 -0.0 -0.0 -0.0 -0.0 -0.0 -0.0 0.0
syst_sys37+ 0.0 0.0 0.0 0.0 0.0 0.0 0.0 0.0 0.0 0.0 0.0 0.0 0.0 0.0 0.0 0.0 0.0 0.0 0.0 0.0 0.0 0.1 0.1
syst_sys37- -0.1 -0.1 -0.1 -0.1 -0.1 -0.1 -0.1 -0.0 -0.0 -0.0 -0.0 -0.0 -0.0 -0.0 -0.0 -0.0 -0.0 -0.0 -0.0 -0.0 -0.0 -0.1 -0.1
syst_sys38+ 0.0 0.0 0.0 0.0 0.0 0.0 0.1 0.1 0.1 0.1 0.1 0.0 0.0 0.0 0.0 0.0 0.0 0.0 0.0 0.0 0.0 0.0 -0.0
syst_sys38- -0.0 -0.0 -0.1 -0.1 -0.1 -0.1 -0.1 -0.1 -0.1 -0.0 -0.0 -0.0 -0.0 -0.0 -0.0 -0.0 -0.0 -0.0 -0.0 -0.0 -0.0 -0.0 0.0
syst_sys39+ -0.0 -0.0 -0.0 0.0 0.1 0.1 0.2 0.2 0.2 0.1 0.1 0.1 0.1 0.1 0.0 0.0 0.0 0.0 0.0 0.0 0.0 0.0 0.0
syst_sys39- 0.0 0.0 0.0 -0.0 -0.1 -0.1 -0.2 -0.1 -0.1 -0.1 -0.1 -0.1 -0.1 -0.1 -0.1 -0.1 -0.1 -0.1 -0.0 -0.0 -0.0 -0.0 -0.0
syst_sys40+ -0.0 -0.0 -0.0 -0.0 0.0 0.0 0.1 0.2 0.2 0.2 0.2 0.2 0.2 0.1 0.1 0.1 0.1 0.1 0.1 0.1 0.1 0.1 0.2
syst_sys40- 0.0 0.0 0.0 0.0 -0.0 -0.1 -0.1 -0.1 -0.2 -0.2 -0.2 -0.2 -0.2 -0.1 -0.1 -0.1 -0.1 -0.1 -0.1 -0.1 -0.1 -0.1 -0.0
syst_sys41+ 0.0 0.0 -0.0 -0.0 -0.0 -0.0 -0.0 0.0 0.1 0.2 0.2 0.3 0.3 0.3 0.3 0.3 0.2 0.2 0.2 0.2 0.3 0.3 0.6
syst_sys41- -0.0 -0.0 0.0 0.0 0.0 0.0 0.0 -0.0 -0.1 -0.1 -0.2 -0.3 -0.3 -0.2 -0.2 -0.2 -0.2 -0.2 -0.2 -0.3 -0.3 -0.3 -0.5
syst_sys42+ 0.0 0.0 0.0 -0.0 -0.0 -0.0 -0.0 -0.0 0.0 0.1 0.2 0.3 0.4 0.5 0.6 0.6 0.6 0.6 0.7 0.7 0.8 0.9 1.9
syst_sys42- -0.0 -0.0 -0.0 0.0 0.0 0.0 0.0 0.0 -0.0 -0.0 -0.2 -0.3 -0.4 -0.5 -0.6 -0.6 -0.6 -0.6 -0.7 -0.8 -0.9 -1.0 -2.4
syst_sys43+ 0.0 0.0 0.0 0.0 0.0 0.0 -0.0 -0.0 -0.0 -0.0 -0.0 0.0 0.1 0.3 0.6 0.7 0.7 0.6 0.6 0.5 0.4 0.4 1.0
syst_sys43- -0.0 -0.0 -0.0 -0.0 -0.0 -0.0 0.0 0.0 0.0 0.0 0.0 -0.0 -0.1 -0.2 -0.4 -0.6 -0.7 -0.6 -0.6 -0.5 -0.5 -0.4 -1.2
syst_sys44+ 0.0 0.0 0.0 0.0 0.0 0.0 0.0 0.0 0.0 -0.0 -0.0 -0.0 -0.1 -0.0 0.1 0.3 0.6 1.0 1.3 1.6 1.8 2.3 3.0
syst_sys44- -0.0 -0.0 -0.0 -0.0 -0.0 -0.0 -0.0 -0.0 -0.0 0.0 0.0 0.1 0.1 0.0 -0.1 -0.4 -0.7 -1.0 -1.4 -1.7 -1.9 -2.3 -3.5
syst_sys45+ 0.0 0.0 0.0 0.0 0.0 0.0 0.0 0.0 0.0 0.0 0.0 0.0 0.0 0.0 0.0 0.0 0.0 0.0 0.0 0.0 0.0 0.0 0.0
syst_sys45- -0.0 -0.0 -0.0 -0.0 -0.0 -0.0 -0.0 -0.0 -0.0 -0.0 -0.0 -0.0 -0.0 -0.0 -0.0 -0.0 -0.0 -0.0 -0.0 -0.0 -0.0 -0.0 -0.0
syst_sys46+ 0.0 0.0 0.0 0.0 0.0 0.0 0.0 -0.0 -0.0 -0.0 -0.0 -0.0 -0.0 -0.0 -0.0 -0.0 -0.0 -0.0 -0.0 -0.0 -0.0 -0.0 -0.0
syst_sys46- -0.0 -0.0 -0.0 -0.0 -0.0 -0.0 -0.0 0.0 0.0 0.0 0.0 0.0 0.0 0.0 0.0 0.0 0.0 0.0 0.0 0.0 0.0 0.0 0.0
syst_sys47+ 0.0 0.0 0.0 0.0 0.0 0.0 0.0 0.0 0.0 0.0 0.0 0.0 0.0 0.0 0.0 0.0 0.0 0.0 0.0 0.0 0.0 0.0 0.0
syst_sys47- -0.0 -0.0 -0.0 -0.0 -0.0 -0.0 -0.0 -0.0 -0.0 -0.0 -0.0 -0.0 -0.0 -0.0 -0.0 -0.0 -0.0 -0.0 -0.0 -0.0 -0.0 -0.0 -0.0
syst_sys48+ -0.0 -0.0 -0.0 -0.0 -0.0 -0.0 -0.0 -0.0 0.0 0.0 0.0 0.0 0.1 0.1 0.1 0.1 0.1 0.1 0.1 0.0 0.0 0.0 0.0
syst_sys48- 0.0 0.0 0.0 0.0 0.0 0.0 0.0 0.0 -0.0 -0.0 -0.0 -0.0 -0.1 -0.1 -0.1 -0.1 -0.1 -0.1 -0.1 -0.0 -0.0 -0.0 -0.0
syst_sys49+ -0.0 -0.0 -0.0 -0.0 -0.0 -0.0 -0.0 -0.0 -0.0 -0.0 0.0 0.0 0.0 0.0 0.0 0.0 0.0 0.0 0.0 0.0 0.0 0.0 -0.0
syst_sys49- 0.0 0.0 0.0 0.0 0.0 0.0 0.0 0.0 0.0 0.0 -0.0 -0.0 -0.0 -0.0 -0.0 -0.0 -0.0 -0.0 -0.0 -0.0 -0.0 -0.0 0.0
syst_sys50+ 0.0 0.0 0.0 0.0 0.0 0.0 0.0 0.0 -0.0 -0.0 -0.0 -0.0 -0.0 -0.0 0.0 0.0 0.1 0.1 0.1 0.1 0.1 0.2 0.2
syst_sys50- -0.0 -0.0 -0.0 -0.0 -0.0 -0.0 -0.0 -0.0 0.0 0.0 0.0 0.0 0.0 0.0 -0.0 -0.0 -0.1 -0.1 -0.1 -0.1 -0.1 -0.2 -0.2
syst_sys51+ 0.0 0.0 0.0 0.0 0.0 0.0 0.0 0.0 0.0 -0.0 -0.0 -0.0 -0.0 -0.0 -0.0 0.0 0.0 0.1 0.2 0.3 0.4 0.6 1.7
syst_sys51- -0.0 -0.0 -0.0 -0.0 -0.0 -0.0 -0.0 -0.0 -0.0 0.0 0.0 0.0 0.0 0.0 0.0 -0.0 -0.0 -0.1 -0.2 -0.3 -0.5 -0.6 -1.9
syst_sys52+ 0.0 0.0 0.0 0.0 0.0 0.0 0.0 0.0 0.0 0.0 0.0 0.0 -0.0 -0.0 -0.0 -0.0 -0.0 0.0 0.0 0.1 0.2 0.4 1.7
syst_sys52- -0.0 -0.0 -0.0 -0.0 -0.0 -0.0 -0.0 -0.0 -0.0 -0.0 -0.0 -0.0 0.0 0.0 0.0 0.0 0.0 -0.0 -0.1 -0.1 -0.2 -0.4 -2.0
syst_sys53+ -0.0 -0.0 -0.0 -0.0 -0.0 -0.0 -0.0 -0.0 -0.0 -0.0 -0.0 -0.0 -0.0 -0.0 0.0 0.0 0.0 0.0 0.0 0.0 0.1 0.1 0.4
syst_sys53- 0.0 0.0 0.0 0.0 0.0 0.0 0.0 0.0 0.0 0.0 0.0 0.0 0.0 0.0 -0.0 -0.0 -0.0 -0.0 -0.0 -0.0 -0.1 -0.1 -0.5
syst_sys54+ 0.0 0.0 0.0 0.0 0.0 0.0 0.0 0.0 0.0 0.0 0.0 0.0 0.0 0.0 0.0 0.0 0.0 0.0 0.0 0.0 0.0 0.0 0.0
syst_sys54- 0.0 0.0 0.0 0.0 0.0 0.0 0.0 0.0 0.0 0.0 0.0 0.0 0.0 0.0 0.0 0.0 0.0 0.0 0.0 0.0 0.0 0.0 0.0
syst_sys55+ 0.6 0.4 0.3 0.4 0.4 0.4 0.4 0.4 0.3 0.4 0.4 0.3 0.3 0.5 0.6 0.6 0.5 0.5 0.7 0.8 0.8 1.2 2.3
syst_sys55- -0.6 -0.5 -0.5 -0.5 -0.4 -0.5 -0.4 -0.4 -0.3 -0.3 -0.4 -0.4 -0.3 -0.3 -0.6 -0.5 -0.5 -0.6 -0.6 -0.7 -1.1 -1.1 -2.6
syst_sys56+ 9.2 9.5 10 10 10 10 10 9.7 9.3 8.9 8.5 8.2 8.0 7.9 7.8 7.7 7.4 7.1 6.8 6.6 6.5 6.7 9.4
syst_sys56- -8.8 -8.8 -8.9 -9.2 -9.4 -9.5 -9.3 -8.8 -8.3 -8.0 -7.9 -7.8 -7.5 -7.2 -6.9 -6.7 -6.6 -6.5 -6.4 -6.3 -6.3 -6.5 -8.9
syst_sys57+ 0.0 0.0 0.0 0.0 0.0 0.0 0.0 0.0 0.0 0.0 0.0 0.0 0.0 0.0 0.0 0.0 0.0 0.0 0.0 0.0 0.0 0.0 0.0
syst_sys57- 0.0 0.0 0.0 0.0 0.0 0.0 0.0 0.0 0.0 0.0 0.0 0.0 0.0 0.0 0.0 0.0 0.0 0.0 0.0 0.0 0.0 0.0 0.0
syst_sys58+ -3.8 -3.4 -3.5 -3.2 -2.6 -2.0 -1.7 -1.6 -1.4 -1.3 -1.1 -0.9 -0.7 -0.5 -0.3 -0.3 -0.5 -0.8 -1.0 -1.1 -1.1 -0.8 2.1
syst_sys58- 3.9 3.8 3.9 3.5 2.8 2.1 1.8 1.6 1.5 1.4 1.2 1.0 0.8 0.6 0.5 0.4 0.4 0.6 0.9 1.0 1.0 0.7 -2.5
syst_sys59+ -0.5 -0.4 -0.4 -0.4 -0.4 -0.4 -0.4 -0.3 -0.3 -0.3 -0.4 -0.4 -0.4 -0.3 -0.2 -0.1 -0.0 -0.0 -0.0 -0.0 -0.0 -0.0 -0.0
syst_sys59- 0.7 0.6 0.7 0.6 0.4 0.4 0.3 0.3 0.3 0.3 0.3 0.4 0.4 0.3 0.3 0.2 0.1 0.0 0.0 0.0 0.0 0.0 0.0
syst_sys60+ -2.0 -1.5 -1.3 -1.3 -1.2 -1.1 -1.0 -1.0 -1.0 -1.0 -1.1 -1.2 -1.1 -0.9 -0.5 -0.2 0.0 0.2 0.2 0.1 0.1 0.0 0.0
syst_sys60- 1.9 1.7 1.6 1.5 1.3 1.2 1.1 1.0 1.1 1.2 1.2 1.2 1.2 1.0 0.7 0.3 -0.0 -0.1 -0.2 -0.2 -0.2 -0.1 -0.5
syst_sys61+ 1.6 1.5 1.2 1.0 1.0 1.0 1.1 1.2 1.3 1.2 1.1 0.9 0.7 0.5 0.3 0.1 0.0 0.0 -0.0 -0.0 -0.0 -0.0 -0.0
syst_sys61- -1.4 -1.2 -1.0 -1.0 -1.0 -1.0 -1.1 -1.1 -1.1 -1.1 -1.0 -0.9 -0.8 -0.5 -0.3 -0.1 -0.0 -0.0 0.0 0.0 0.0 0.0 0.0
syst_sys62+ 0.3 0.4 0.5 0.4 0.3 0.3 0.3 0.3 0.3 0.3 0.3 0.3 0.3 0.4 0.4 0.4 0.4 0.4 0.4 0.4 0.4 0.4 0.4
syst_sys62- -0.4 -0.3 -0.3 -0.3 -0.3 -0.3 -0.3 -0.3 -0.3 -0.3 -0.3 -0.3 -0.3 -0.3 -0.3 -0.3 -0.3 -0.4 -0.4 -0.4 -0.4 -0.4 -0.2
syst_sys63+ 6.9 6.1 5.5 5.0 4.4 3.8 3.4 3.2 3.1 2.9 2.6 2.3 2.1 2.1 2.0 1.9 1.8 1.7 1.6 1.5 1.4 1.1 1.3
syst_sys63- -6.6 -5.6 -4.9 -4.6 -4.1 -3.6 -3.3 -3.1 -2.9 -2.7 -2.6 -2.4 -2.2 -2.0 -1.9 -1.8 -1.7 -1.6 -1.6 -1.5 -1.4 -1.2 -1.4
syst_sys64+ 9.1 7.1 5.9 5.2 4.5 3.9 3.8 3.7 3.7 3.6 3.7 3.9 4.0 4.0 4.2 4.5 5.0 5.5 6.1 6.8 7.4 8.5 15
syst_sys64- -9.1 -7.1 -5.9 -5.2 -4.5 -3.9 -3.8 -3.7 -3.7 -3.6 -3.7 -3.9 -4.0 -4.0 -4.2 -4.5 -5.0 -5.5 -6.1 -6.8 -7.4 -8.5 -15
syst_sys65+ 1.0 0.7 0.6 0.5 0.4 0.3 0.3 0.3 0.3 0.3 0.3 0.3 0.3 0.3 0.3 0.3 0.3 0.3 0.3 0.3 0.3 0.3 0.6
syst_sys65- -1.0 -0.7 -0.6 -0.5 -0.4 -0.3 -0.3 -0.3 -0.3 -0.3 -0.3 -0.3 -0.3 -0.3 -0.3 -0.3 -0.3 -0.3 -0.3 -0.3 -0.3 -0.3 -0.6
syst_sys66+ 0.4 0.2 0.0 0.0 0.0 0.0 0.0 0.0 0.0 0.1 0.0 0.0 0.0 0.0 0.0 0.0 0.1 0.1 0.1 0.1 1.3 2.7 4.3
syst_sys66- -0.4 -0.2 -0.0 -0.0 -0.0 -0.0 -0.0 -0.0 -0.0 -0.1 -0.0 -0.0 -0.0 -0.0 -0.0 -0.0 -0.1 -0.1 -0.1 -0.1 -1.3 -2.7 -4.3
syst_sys67+ 0.5 0.5 0.5 0.5 0.5 0.5 0.5 0.5 0.5 0.5 0.5 0.5 0.5 0.5 0.5 0.5 0.5 0.5 0.5 0.5 0.5 0.5 0.5
syst_sys67- -0.5 -0.5 -0.5 -0.5 -0.5 -0.5 -0.5 -0.5 -0.5 -0.5 -0.5 -0.5 -0.5 -0.5 -0.5 -0.5 -0.5 -0.5 -0.5 -0.5 -0.5 -0.5 -0.5
syst_sys68+ 1.8 1.8 1.8 1.8 1.8 1.8 1.8 1.8 1.8 1.8 1.8 1.8 1.8 1.8 1.8 1.8 1.8 1.8 1.8 1.8 1.8 1.8 1.8
syst_sys68- -1.8 -1.8 -1.8 -1.8 -1.8 -1.8 -1.8 -1.8 -1.8 -1.8 -1.8 -1.8 -1.8 -1.8 -1.8 -1.8 -1.8 -1.8 -1.8 -1.8 -1.8 -1.8 -1.8
syst_sys69+ 0.0 0.0 0.0 0.0 0.0 0.0 0.0 0.0 0.0 0.0 0.0 0.0 0.0 0.0 0.0 0.0 0.0 0.0 0.0 0.0 0.0 0.0 0.0
syst_sys69- -0.0 -0.0 -0.0 -0.0 -0.0 -0.0 -0.0 -0.0 -0.0 -0.0 -0.0 -0.0 -0.0 -0.0 -0.0 -0.0 -0.0 -0.0 -0.0 -0.0 -0.0 -0.0 -0.0
;mean xmin xmax cross staterr   +syst    -syst 
108.0 100 116 3.25e+03 0.63 16.18 15.76
125.0 116 134 1.47e+03 0.87 14.71 14.05
143.0 134 152 6.91e+02 1.1 14.27 13.27
162.0 152 172 3.42e+02 0.81 13.69 12.99
183.0 172 194 1.66e+02 0.67 13.05 12.54
205.0 194 216 8.16e+01 0.92 12.60 12.15
228.0 216 240 4.28e+01 0.69 12.43 11.86
252.0 240 264 2.28e+01 0.90 12.16 11.41
277.0 264 290 1.23e+01 1.2 11.91 10.96
304.0 290 318 6.38e+00 1.6 11.61 10.65
332.0 318 346 3.48e+00 1.6 11.20 10.70
361.0 346 376 1.93e+00 0.84 11.01 10.88
392.0 376 408 1.02e+00 0.50 11.01 10.51
425.0 408 442 5.31e-01 0.63 10.92 10.15
460.0 442 478 2.74e-01 0.69 11.18 10.22
497.0 478 516 1.37e-01 0.60 11.68 10.68
536.0 516 556 6.73e-02 0.81 12.17 11.20
577.0 556 598 3.17e-02 1.2 12.81 12.23
620.0 598 642 1.44e-02 1.6 13.55 13.46
665.0 642 688 6.47e-03 2.5 14.89 14.52
712.0 688 736 2.66e-03 3.6 16.03 15.87
815.0 736 894 5.36e-04 5.3 19.10 18.61
1443.0 894 1992 2.70e-06 27 33.43 30.93
