; Data taken from arxiv1410.8857 
; systematics
syst_statmc+  +0.69 +0.48 +0.39 +0.43 +0.36 +0.36 +0.34 +0.37 +0.34 +0.32 +0.46 +0.58 +0.49 +0.40 +0.38 +0.28 +0.23 +0.21 +0.20 +0.22 +0.22 +0.22 +0.22 +0.23 +0.26 +0.27 +0.37 +0.32 +0.25 +0.27 +0.42
syst_statmc-  -0.69 -0.48 -0.39 -0.43 -0.36 -0.36 -0.34 -0.37 -0.34 -0.32 -0.46 -0.58 -0.49 -0.40 -0.38 -0.28 -0.23 -0.21 -0.20 -0.22 -0.22 -0.22 -0.22 -0.23 -0.26 -0.27 -0.37 -0.32 -0.25 -0.27 -0.42
syst_sys1+ 3.0 3.0 3.0 3.1 3.3 3.5 3.6 3.7 3.8 3.7 3.6 3.6 3.7 3.9 3.7 3.9 4.2 4.5 4.7 5.1 5.4 5.4 5.8 6.0 6.3 6.4 6.6 7.2 7.4 8.7 11
syst_sys1- -3.0 -3.0 -3.1 -3.2 -3.3 -3.5 -3.6 -3.6 -3.6 -3.7 -3.8 -3.6 -3.5 -3.4 -3.6 -3.8 -4.0 -4.4 -4.7 -4.9 -5.2 -5.3 -5.5 -5.8 -5.8 -6.2 -6.4 -6.5 -7.1 -8.0 -10
syst_sys2+ 0.4 0.4 0.3 0.3 0.3 0.3 0.2 0.2 0.2 0.1 0.1 0.1 0.1 0.1 0.1 0.1 0.0 0.0 0.0 0.0 0.0 0.0 0.0 0.0 0.0 0.0 0.0 0.0 0.0 0.0 0.0
syst_sys2- -0.5 -0.4 -0.3 -0.3 -0.3 -0.3 -0.2 -0.2 -0.2 -0.1 -0.1 -0.1 -0.1 -0.1 -0.1 -0.0 -0.0 -0.0 -0.0 -0.0 -0.0 -0.0 -0.0 -0.0 -0.0 -0.0 -0.0 -0.0 -0.0 -0.0 -0.0
syst_sys3+ 0.2 0.1 0.1 0.1 0.1 0.1 0.1 0.0 0.0 0.0 0.0 0.0 0.0 0.0 0.0 0.0 0.0 0.0 0.0 0.0 0.0 0.0 0.0 0.0 0.0 0.0 0.0 0.0 0.0 0.0 0.0
syst_sys3- -0.2 -0.1 -0.1 -0.1 -0.1 -0.1 -0.1 -0.0 -0.0 -0.0 -0.0 -0.0 -0.0 -0.0 -0.0 -0.0 -0.0 -0.0 -0.0 -0.0 -0.0 -0.0 -0.0 -0.0 -0.0 -0.0 -0.0 -0.0 -0.0 -0.0 -0.0
syst_sys4+ 0.3 0.2 0.2 0.2 0.2 0.2 0.1 0.1 0.1 0.1 0.1 0.1 0.1 0.0 0.0 0.0 0.0 0.0 0.0 0.0 0.0 0.0 0.0 0.0 0.0 0.0 0.1 0.1 0.1 0.1 0.1
syst_sys4- -0.3 -0.2 -0.2 -0.2 -0.2 -0.2 -0.1 -0.1 -0.1 -0.1 -0.1 -0.1 -0.0 -0.0 -0.0 -0.0 -0.0 -0.0 -0.0 -0.0 -0.0 -0.0 -0.0 -0.0 -0.0 -0.0 -0.0 -0.0 -0.0 -0.1 -0.1
syst_sys5+ 1.2 1.1 1.1 1.1 1.1 1.0 0.9 0.8 0.7 0.6 0.5 0.4 0.4 0.3 0.3 0.2 0.2 0.2 0.2 0.3 0.3 0.3 0.3 0.4 0.4 0.4 0.4 0.5 0.5 0.5 0.8
syst_sys5- -1.2 -1.2 -1.2 -1.2 -1.1 -1.1 -0.9 -0.8 -0.7 -0.6 -0.5 -0.4 -0.3 -0.3 -0.3 -0.2 -0.2 -0.2 -0.2 -0.3 -0.3 -0.3 -0.3 -0.4 -0.4 -0.4 -0.4 -0.4 -0.5 -0.5 -0.8
syst_sys6+ 1.0 0.9 0.8 0.8 0.7 0.7 0.6 0.6 0.5 0.5 0.4 0.4 0.3 0.3 0.2 0.2 0.2 0.2 0.2 0.2 0.2 0.2 0.2 0.2 0.2 0.2 0.2 0.2 0.3 0.3 0.4
syst_sys6- -1.0 -0.9 -0.8 -0.8 -0.8 -0.7 -0.6 -0.6 -0.5 -0.5 -0.4 -0.3 -0.3 -0.2 -0.2 -0.2 -0.2 -0.2 -0.2 -0.2 -0.2 -0.2 -0.2 -0.2 -0.2 -0.2 -0.2 -0.2 -0.3 -0.3 -0.4
syst_sys7+ 0.2 0.1 0.0 0.0 0.0 0.0 0.0 0.0 0.0 0.0 0.0 0.0 0.0 0.0 0.0 0.0 0.0 0.0 0.0 0.0 0.0 0.0 0.0 0.0 0.0 0.0 0.0 0.0 0.0 0.0 0.0
syst_sys7- -0.1 -0.1 -0.0 -0.0 -0.0 -0.0 -0.0 -0.0 -0.0 -0.0 -0.0 -0.0 -0.0 -0.0 -0.0 -0.0 -0.0 -0.0 -0.0 -0.0 -0.0 -0.0 -0.0 -0.0 -0.0 -0.0 -0.0 -0.0 -0.0 -0.0 -0.0
syst_sys8+ 0.5 0.5 0.4 0.4 0.4 0.4 0.3 0.3 0.3 0.3 0.3 0.3 0.3 0.3 0.3 0.3 0.3 0.3 0.3 0.4 0.4 0.4 0.5 0.5 0.5 0.6 0.6 0.6 0.7 0.8 1.0
syst_sys8- -0.6 -0.5 -0.4 -0.4 -0.4 -0.4 -0.3 -0.3 -0.3 -0.3 -0.3 -0.3 -0.3 -0.3 -0.3 -0.3 -0.3 -0.3 -0.3 -0.4 -0.4 -0.4 -0.5 -0.5 -0.5 -0.6 -0.6 -0.6 -0.7 -0.7 -1.1
syst_sys9+ 0.1 0.1 0.1 0.1 0.1 0.1 0.1 0.1 0.1 0.1 0.1 0.1 0.1 0.1 0.1 0.1 0.1 0.1 0.1 0.1 0.2 0.2 0.2 0.2 0.2 0.2 0.2 0.2 0.2 0.3 0.3
syst_sys9- -0.1 -0.1 -0.1 -0.1 -0.1 -0.1 -0.1 -0.1 -0.1 -0.1 -0.1 -0.1 -0.1 -0.1 -0.1 -0.1 -0.1 -0.1 -0.1 -0.1 -0.2 -0.2 -0.2 -0.2 -0.2 -0.2 -0.2 -0.2 -0.2 -0.3 -0.4
syst_sys10+ 0.8 0.9 1.0 1.1 1.1 1.2 1.1 1.0 0.9 0.7 0.6 0.5 0.5 0.4 0.3 0.3 0.2 0.2 0.2 0.2 0.2 0.3 0.3 0.3 0.3 0.3 0.3 0.3 0.3 0.4 0.5
syst_sys10- -0.9 -1.0 -1.1 -1.2 -1.2 -1.2 -1.1 -1.0 -0.9 -0.7 -0.6 -0.4 -0.4 -0.3 -0.3 -0.3 -0.3 -0.2 -0.2 -0.2 -0.3 -0.3 -0.3 -0.3 -0.3 -0.3 -0.3 -0.3 -0.3 -0.4 -0.5
syst_sys11+ 0.3 0.3 0.3 0.3 0.3 0.2 0.2 0.2 0.2 0.2 0.2 0.3 0.3 0.3 0.2 0.2 0.2 0.3 0.3 0.3 0.3 0.4 0.4 0.4 0.4 0.4 0.4 0.4 0.4 0.5 0.7
syst_sys11- -0.3 -0.3 -0.3 -0.3 -0.3 -0.3 -0.2 -0.2 -0.2 -0.2 -0.2 -0.2 -0.2 -0.2 -0.2 -0.3 -0.3 -0.3 -0.3 -0.3 -0.3 -0.4 -0.4 -0.4 -0.4 -0.4 -0.4 -0.4 -0.5 -0.5 -0.8
syst_sys12+ 0.8 0.8 0.8 0.7 0.7 0.7 0.7 0.7 0.7 0.7 0.7 0.8 0.8 0.8 0.8 0.7 0.7 0.7 0.7 0.7 0.7 0.8 0.8 0.8 0.8 0.8 0.9 0.9 1.0 1.1 1.4
syst_sys12- -0.8 -0.8 -0.8 -0.8 -0.8 -0.7 -0.7 -0.7 -0.7 -0.8 -0.8 -0.8 -0.8 -0.8 -0.8 -0.8 -0.8 -0.7 -0.7 -0.7 -0.8 -0.8 -0.8 -0.8 -0.8 -0.8 -0.9 -0.9 -0.9 -1.0 -1.5
syst_sys13+ 0.5 0.5 0.4 0.4 0.5 0.5 0.5 0.5 0.6 0.6 0.7 0.8 0.8 0.8 0.8 0.9 0.9 1.0 1.1 1.2 1.3 1.4 1.5 1.6 1.7 1.8 1.9 2.0 2.2 2.4 3.2
syst_sys13- -0.6 -0.5 -0.5 -0.5 -0.5 -0.5 -0.5 -0.5 -0.6 -0.7 -0.7 -0.8 -0.8 -0.8 -0.8 -0.9 -0.9 -1.0 -1.1 -1.2 -1.3 -1.4 -1.5 -1.6 -1.7 -1.8 -1.9 -2.0 -2.1 -2.3 -3.1
syst_sys14+ -0.0 0.0 0.0 0.0 0.0 0.0 0.1 0.1 0.1 0.1 0.1 0.1 0.1 0.1 0.1 0.1 0.1 0.1 0.1 0.1 0.1 0.1 0.2 0.2 0.2 0.2 0.3 0.3 0.3 0.3 0.5
syst_sys14- 0.0 -0.0 -0.0 -0.0 -0.0 -0.0 -0.1 -0.1 -0.1 -0.1 -0.1 -0.1 -0.1 -0.1 -0.1 -0.1 -0.1 -0.1 -0.1 -0.1 -0.1 -0.2 -0.2 -0.2 -0.2 -0.2 -0.3 -0.3 -0.3 -0.3 -0.5
syst_sys15+ -0.0 0.0 0.0 0.0 0.0 0.0 0.0 0.0 0.0 0.0 0.1 0.1 0.1 0.1 0.1 0.1 0.1 0.1 0.2 0.2 0.3 0.4 0.5 0.6 0.7 0.8 0.9 0.9 1.0 1.1 1.5
syst_sys15- 0.0 -0.0 -0.0 -0.0 -0.0 -0.0 -0.0 -0.0 -0.0 -0.1 -0.1 -0.1 -0.0 -0.0 -0.0 -0.1 -0.1 -0.1 -0.2 -0.3 -0.4 -0.4 -0.5 -0.6 -0.7 -0.8 -0.9 -0.9 -1.0 -1.1 -1.5
syst_sys16+ -0.0 -0.0 -0.0 -0.0 0.0 0.0 0.1 0.1 0.1 0.2 0.2 0.2 0.3 0.3 0.3 0.3 0.4 0.6 0.8 1.0 1.2 1.4 1.6 1.8 2.0 2.1 2.2 2.4 2.6 2.9 3.9
syst_sys16- 0.0 0.0 0.0 0.0 -0.0 -0.0 -0.1 -0.1 -0.2 -0.2 -0.2 -0.2 -0.2 -0.3 -0.3 -0.4 -0.5 -0.6 -0.8 -1.0 -1.2 -1.4 -1.6 -1.8 -1.9 -2.1 -2.2 -2.3 -2.5 -2.8 -3.7
syst_sys17+ -0.0 -0.0 0.0 0.1 0.1 0.2 0.2 0.2 0.3 0.3 0.3 0.4 0.5 0.5 0.6 0.7 0.8 1.0 1.2 1.4 1.7 1.9 2.2 2.5 2.7 2.9 3.1 3.3 3.6 4.1 5.4
syst_sys17- 0.0 0.0 -0.0 -0.1 -0.1 -0.2 -0.2 -0.3 -0.3 -0.3 -0.3 -0.4 -0.4 -0.5 -0.6 -0.7 -0.8 -1.0 -1.2 -1.5 -1.7 -1.9 -2.2 -2.4 -2.7 -2.9 -3.1 -3.3 -3.5 -3.9 -5.2
syst_sys18+ -0.0 0.0 0.0 0.1 0.1 0.2 0.2 0.2 0.2 0.2 0.2 0.3 0.2 0.2 0.2 0.2 0.3 0.4 0.6 0.9 1.1 1.4 1.7 2.0 2.3 2.5 2.7 2.9 3.1 3.6 4.7
syst_sys18- 0.0 -0.0 -0.0 -0.1 -0.1 -0.2 -0.2 -0.2 -0.3 -0.3 -0.2 -0.2 -0.2 -0.2 -0.2 -0.2 -0.3 -0.4 -0.6 -0.9 -1.2 -1.4 -1.7 -2.0 -2.3 -2.5 -2.7 -2.8 -3.0 -3.4 -4.5
syst_sys19+ -0.0 -0.0 0.0 0.0 0.1 0.1 0.2 0.2 0.3 0.3 0.3 0.4 0.4 0.4 0.4 0.4 0.5 0.6 0.8 1.0 1.2 1.5 1.8 2.0 2.3 2.5 2.7 2.9 3.1 3.6 4.7
syst_sys19- 0.0 0.0 -0.0 -0.0 -0.1 -0.1 -0.2 -0.2 -0.3 -0.3 -0.3 -0.3 -0.3 -0.4 -0.4 -0.4 -0.5 -0.6 -0.8 -1.0 -1.3 -1.5 -1.8 -2.0 -2.3 -2.5 -2.7 -2.8 -3.0 -3.4 -4.5
syst_sys20+ -0.0 -0.0 -0.0 0.0 0.0 0.1 0.2 0.3 0.3 0.4 0.5 0.5 0.6 0.5 0.5 0.5 0.6 0.9 1.2 1.6 2.0 2.5 2.9 3.3 3.7 4.0 4.3 4.5 4.9 5.6 7.3
syst_sys20- 0.0 0.0 0.0 -0.0 -0.0 -0.1 -0.2 -0.3 -0.4 -0.4 -0.5 -0.5 -0.5 -0.5 -0.5 -0.5 -0.7 -0.9 -1.2 -1.6 -2.0 -2.5 -2.9 -3.3 -3.6 -3.9 -4.2 -4.4 -4.7 -5.3 -6.9
syst_sys21+ -0.0 -0.0 -0.0 -0.0 0.0 0.0 0.1 0.1 0.1 0.1 0.1 0.2 0.2 0.2 0.2 0.2 0.2 0.3 0.5 0.7 1.0 1.2 1.5 1.8 2.0 2.2 2.4 2.6 2.9 3.3 4.3
syst_sys21- 0.0 0.0 0.0 0.0 -0.0 -0.0 -0.1 -0.1 -0.1 -0.1 -0.1 -0.1 -0.2 -0.2 -0.2 -0.2 -0.3 -0.4 -0.5 -0.7 -1.0 -1.2 -1.5 -1.8 -2.0 -2.2 -2.4 -2.6 -2.8 -3.1 -4.0
syst_sys22+ 0.1 0.1 0.0 0.0 0.0 0.0 0.0 0.0 0.0 0.0 0.0 0.0 0.0 0.0 0.0 0.0 0.0 0.0 0.0 0.0 0.0 0.0 0.0 0.0 0.0 0.0 0.0 0.0 0.0 0.0 0.0
syst_sys22- -0.1 -0.0 -0.0 -0.0 -0.0 -0.0 -0.0 -0.0 -0.0 -0.0 -0.0 -0.0 -0.0 -0.0 -0.0 -0.0 -0.0 -0.0 -0.0 -0.0 -0.0 -0.0 -0.0 -0.0 -0.0 -0.0 -0.0 -0.0 -0.0 -0.0 -0.0
syst_sys23+ 0.1 0.0 0.0 0.0 0.0 0.0 0.0 0.0 0.0 0.0 0.0 0.0 0.0 0.0 0.0 0.0 0.0 0.0 0.0 0.0 0.0 0.0 0.0 0.0 0.0 0.0 0.0 0.0 0.0 0.0 0.0
syst_sys23- -0.0 -0.0 -0.0 -0.0 -0.0 -0.0 -0.0 -0.0 -0.0 -0.0 -0.0 -0.0 -0.0 -0.0 -0.0 -0.0 -0.0 -0.0 -0.0 -0.0 -0.0 -0.0 -0.0 -0.0 -0.0 -0.0 -0.0 -0.0 -0.0 -0.0 -0.0
syst_sys24+ 0.0 0.0 0.0 0.0 0.0 0.0 0.0 0.0 0.0 0.0 0.0 0.0 0.0 0.0 0.0 0.0 0.0 0.0 0.0 0.0 0.1 0.1 0.1 0.1 0.1 0.1 0.1 0.1 0.1 0.2 0.2
syst_sys24- -0.0 -0.0 -0.0 -0.0 -0.0 -0.0 -0.0 -0.0 -0.0 -0.0 -0.0 -0.0 -0.0 -0.0 -0.0 -0.0 -0.0 -0.0 -0.0 -0.0 -0.1 -0.1 -0.1 -0.1 -0.1 -0.1 -0.1 -0.1 -0.1 -0.2 -0.3
syst_sys25+ 0.1 0.0 0.0 0.0 0.0 0.0 0.0 0.0 0.0 0.0 0.0 0.0 0.0 0.0 0.0 0.0 0.0 0.0 0.0 0.0 0.0 0.0 0.0 0.0 0.0 0.0 0.0 0.0 0.0 0.1 0.1
syst_sys25- -0.1 -0.1 -0.0 -0.0 -0.0 -0.0 -0.0 -0.0 -0.0 -0.0 -0.0 -0.0 -0.0 -0.0 -0.0 -0.0 -0.0 -0.0 -0.0 -0.0 -0.0 -0.0 -0.0 -0.0 -0.0 -0.0 -0.0 -0.0 -0.0 -0.1 -0.1
syst_sys26+ 0.1 0.0 0.0 0.0 0.0 0.0 0.0 0.0 0.0 0.0 0.0 0.0 0.0 0.0 0.0 0.0 0.0 0.0 0.0 0.0 0.0 0.0 0.0 0.0 0.0 0.0 0.0 0.0 0.0 0.0 0.0
syst_sys26- -0.1 -0.1 -0.0 -0.0 -0.0 -0.0 -0.0 -0.0 -0.0 -0.0 -0.0 -0.0 -0.0 -0.0 -0.0 -0.0 -0.0 -0.0 -0.0 -0.0 -0.0 -0.0 -0.0 -0.0 -0.0 -0.0 -0.0 -0.0 -0.0 -0.0 -0.0
syst_sys27+ 0.3 0.1 0.1 0.1 0.0 0.0 0.0 0.0 0.0 0.0 0.0 0.0 0.0 0.0 0.0 0.0 0.0 0.0 0.0 0.0 0.0 0.0 0.0 0.0 0.0 0.0 0.0 0.0 0.0 0.0 0.0
syst_sys27- -0.3 -0.2 -0.1 -0.1 -0.0 -0.0 -0.0 -0.0 -0.0 -0.0 -0.0 -0.0 -0.0 -0.0 -0.0 -0.0 -0.0 -0.0 -0.0 -0.0 -0.0 -0.0 -0.0 -0.0 -0.0 -0.0 -0.0 -0.0 -0.0 -0.0 -0.0
syst_sys28+ 0.4 0.3 0.2 0.1 0.1 0.1 0.0 0.0 0.0 0.0 0.0 0.0 0.0 0.0 0.0 0.0 0.0 0.0 0.0 0.0 0.0 0.0 0.0 0.0 0.0 0.0 0.0 0.0 0.0 0.0 0.0
syst_sys28- -0.4 -0.3 -0.2 -0.1 -0.1 -0.1 -0.0 -0.0 -0.0 -0.0 -0.0 -0.0 -0.0 -0.0 -0.0 -0.0 -0.0 -0.0 -0.0 -0.0 -0.0 -0.0 -0.0 -0.0 -0.0 -0.0 -0.0 -0.0 -0.0 -0.0 -0.0
syst_sys29+ 0.5 0.5 0.4 0.3 0.2 0.2 0.1 0.1 0.1 0.1 0.1 0.1 0.1 0.0 0.0 0.0 0.0 0.0 0.0 0.0 0.0 0.0 0.0 0.0 0.0 0.0 0.0 0.0 0.0 0.1 0.1
syst_sys29- -0.6 -0.5 -0.4 -0.3 -0.2 -0.2 -0.1 -0.1 -0.1 -0.1 -0.1 -0.1 -0.0 -0.0 -0.0 -0.0 -0.0 -0.0 -0.0 -0.0 -0.0 -0.0 -0.0 -0.0 -0.0 -0.0 -0.0 -0.0 -0.0 -0.1 -0.1
syst_sys30+ 0.4 0.4 0.5 0.4 0.4 0.3 0.2 0.2 0.2 0.1 0.1 0.1 0.1 0.1 0.1 0.1 0.0 0.0 0.1 0.1 0.1 0.1 0.1 0.1 0.1 0.1 0.1 0.1 0.1 0.1 0.1
syst_sys30- -0.3 -0.4 -0.5 -0.5 -0.4 -0.3 -0.2 -0.2 -0.2 -0.1 -0.1 -0.1 -0.1 -0.1 -0.1 -0.1 -0.1 -0.0 -0.0 -0.0 -0.1 -0.1 -0.1 -0.1 -0.1 -0.1 -0.1 -0.1 -0.1 -0.1 -0.2
syst_sys31+ -0.0 0.1 0.2 0.4 0.5 0.4 0.4 0.3 0.2 0.2 0.1 0.1 0.1 0.1 0.0 0.0 0.0 0.0 0.0 0.0 0.0 0.0 0.0 0.0 0.0 0.0 0.0 0.0 0.0 0.0 0.0
syst_sys31- 0.0 -0.1 -0.2 -0.4 -0.4 -0.4 -0.4 -0.3 -0.2 -0.2 -0.1 -0.1 -0.1 -0.0 -0.0 -0.0 -0.0 -0.0 -0.0 -0.0 -0.0 -0.0 -0.0 -0.0 -0.0 -0.0 -0.0 -0.0 -0.0 -0.0 -0.0
syst_sys32+ -0.0 -0.0 -0.1 -0.0 0.1 0.2 0.2 0.3 0.3 0.3 0.3 0.3 0.2 0.2 0.1 0.1 0.1 0.1 0.1 0.1 0.1 0.1 0.1 0.1 0.1 0.1 0.1 0.1 0.1 0.1 0.2
syst_sys32- 0.0 0.0 0.1 0.0 -0.1 -0.2 -0.3 -0.3 -0.3 -0.3 -0.3 -0.2 -0.2 -0.2 -0.1 -0.1 -0.1 -0.1 -0.1 -0.1 -0.1 -0.1 -0.1 -0.1 -0.1 -0.1 -0.1 -0.1 -0.1 -0.1 -0.2
syst_sys33+ 0.0 0.0 0.0 0.0 0.0 0.0 0.0 0.0 0.0 0.0 0.0 0.0 0.0 0.0 0.0 0.0 0.0 0.0 0.0 0.0 0.0 0.0 0.0 0.0 0.1 0.1 0.1 0.1 0.1 0.1 0.1
syst_sys33- -0.0 -0.0 -0.0 -0.0 -0.0 -0.0 -0.0 -0.0 -0.0 -0.0 -0.0 -0.0 -0.0 -0.0 -0.0 -0.0 -0.0 -0.0 -0.0 -0.0 -0.0 -0.0 -0.0 -0.1 -0.1 -0.1 -0.1 -0.1 -0.1 -0.1 -0.1
syst_sys34+ 0.0 0.0 0.0 0.0 0.0 0.0 0.0 0.0 0.0 0.0 0.0 0.0 0.0 0.0 0.0 0.0 0.0 0.0 0.0 0.0 0.0 0.0 0.0 0.0 0.0 0.0 0.0 0.0 0.0 0.0 0.0
syst_sys34- -0.0 -0.0 -0.0 -0.0 -0.0 -0.0 -0.0 -0.0 -0.0 -0.0 -0.0 -0.0 -0.0 -0.0 -0.0 -0.0 -0.0 -0.0 -0.0 -0.0 -0.0 -0.0 -0.0 -0.0 -0.0 -0.0 -0.0 -0.0 -0.0 -0.0 -0.0
syst_sys35+ 0.1 0.1 0.0 0.0 0.0 0.0 0.0 0.0 0.0 0.0 0.0 0.0 0.0 0.0 0.0 0.0 0.0 0.0 0.0 0.0 0.0 0.0 0.0 0.0 0.0 0.0 0.0 0.0 0.0 0.0 0.0
syst_sys35- -0.1 -0.1 -0.0 -0.0 -0.0 -0.0 -0.0 -0.0 -0.0 -0.0 -0.0 -0.0 -0.0 -0.0 -0.0 -0.0 -0.0 -0.0 -0.0 -0.0 -0.0 -0.0 -0.0 -0.0 -0.0 -0.0 -0.0 -0.0 -0.0 -0.0 -0.0
syst_sys36+ 0.0 0.0 0.0 0.0 0.0 0.0 0.0 0.0 0.0 0.0 0.0 0.0 0.0 0.0 0.0 0.0 0.0 0.0 0.0 0.0 0.0 0.0 0.0 0.0 0.0 0.0 0.0 0.0 0.0 0.0 0.0
syst_sys36- -0.1 -0.1 -0.0 -0.0 -0.0 -0.0 -0.0 -0.0 -0.0 -0.0 -0.0 -0.0 -0.0 -0.0 -0.0 -0.0 -0.0 -0.0 -0.0 -0.0 -0.0 -0.0 -0.0 -0.0 -0.0 -0.0 -0.0 -0.0 -0.0 -0.0 -0.0
syst_sys37+ 0.0 0.1 0.1 0.1 0.1 0.1 0.1 0.0 0.0 0.0 0.0 0.0 0.0 0.0 0.0 0.0 0.0 0.0 0.0 0.0 0.0 0.0 0.0 0.0 0.0 0.0 0.0 0.0 0.0 0.0 0.1
syst_sys37- -0.1 -0.1 -0.1 -0.1 -0.1 -0.1 -0.1 -0.0 -0.0 -0.0 -0.0 -0.0 -0.0 -0.0 -0.0 -0.0 -0.0 -0.0 -0.0 -0.0 -0.0 -0.0 -0.0 -0.0 -0.0 -0.0 -0.0 -0.0 -0.0 -0.0 -0.1
syst_sys38+ 0.0 0.0 0.0 0.1 0.1 0.1 0.1 0.1 0.1 0.0 0.0 0.0 0.0 0.0 0.0 0.0 0.0 0.0 0.0 0.0 0.0 0.0 0.0 0.0 0.0 0.0 0.0 0.0 0.0 0.0 0.1
syst_sys38- -0.0 -0.0 -0.0 -0.1 -0.1 -0.1 -0.1 -0.1 -0.1 -0.1 -0.0 -0.0 -0.0 -0.0 -0.0 -0.0 -0.0 -0.0 -0.0 -0.0 -0.0 -0.0 -0.0 -0.0 -0.0 -0.0 -0.0 -0.0 -0.0 -0.1 -0.1
syst_sys39+ -0.0 -0.0 -0.0 0.0 0.1 0.1 0.1 0.1 0.1 0.1 0.1 0.1 0.1 0.1 0.0 0.0 0.0 0.0 0.0 0.0 0.0 0.0 0.0 0.0 0.0 0.0 0.0 0.0 0.0 0.0 0.0
syst_sys39- 0.0 0.0 0.0 -0.0 -0.0 -0.1 -0.1 -0.1 -0.1 -0.1 -0.1 -0.1 -0.1 -0.0 -0.0 -0.0 -0.0 -0.0 -0.0 -0.0 -0.0 -0.0 -0.0 -0.0 -0.0 -0.0 -0.0 -0.0 -0.0 -0.0 -0.0
syst_sys40+ -0.0 -0.0 -0.0 -0.0 -0.0 0.0 0.1 0.1 0.2 0.2 0.2 0.2 0.2 0.1 0.1 0.1 0.1 0.1 0.1 0.1 0.1 0.1 0.0 0.0 0.0 0.0 0.0 0.0 0.0 0.0 0.0
syst_sys40- 0.0 0.0 0.0 0.0 0.0 -0.0 -0.1 -0.1 -0.2 -0.2 -0.2 -0.2 -0.1 -0.1 -0.1 -0.1 -0.1 -0.1 -0.1 -0.1 -0.1 -0.1 -0.0 -0.0 -0.0 -0.0 -0.0 -0.0 -0.0 -0.0 -0.0
syst_sys41+ 0.0 0.0 -0.0 -0.0 -0.0 -0.0 -0.0 0.0 0.1 0.1 0.2 0.2 0.2 0.2 0.2 0.2 0.1 0.1 0.1 0.2 0.2 0.2 0.3 0.3 0.3 0.3 0.4 0.4 0.4 0.5 0.7
syst_sys41- -0.0 -0.0 0.0 0.0 0.0 0.0 0.0 -0.0 -0.1 -0.1 -0.2 -0.2 -0.2 -0.2 -0.2 -0.2 -0.2 -0.2 -0.2 -0.2 -0.2 -0.2 -0.3 -0.3 -0.3 -0.3 -0.4 -0.4 -0.4 -0.4 -0.7
syst_sys42+ 0.0 0.0 0.0 -0.0 -0.0 -0.0 -0.0 -0.0 -0.0 0.0 0.0 0.1 0.3 0.3 0.4 0.4 0.4 0.4 0.4 0.4 0.5 0.5 0.5 0.6 0.6 0.7 0.7 0.7 0.8 0.9 1.1
syst_sys42- -0.0 -0.0 -0.0 0.0 0.0 0.0 0.0 0.0 0.0 -0.0 -0.1 -0.2 -0.2 -0.3 -0.4 -0.4 -0.4 -0.4 -0.4 -0.4 -0.5 -0.5 -0.5 -0.6 -0.6 -0.6 -0.7 -0.7 -0.8 -0.8 -1.2
syst_sys43+ 0.0 0.0 0.0 0.0 0.0 0.0 -0.0 -0.0 -0.0 -0.0 -0.0 -0.0 0.1 0.2 0.3 0.4 0.4 0.4 0.4 0.4 0.3 0.3 0.3 0.4 0.4 0.5 0.5 0.6 0.6 0.7 1.0
syst_sys43- -0.0 -0.0 -0.0 -0.0 -0.0 -0.0 0.0 0.0 0.0 0.0 0.0 0.0 -0.0 -0.2 -0.3 -0.4 -0.5 -0.5 -0.4 -0.4 -0.3 -0.3 -0.3 -0.4 -0.4 -0.5 -0.5 -0.6 -0.6 -0.7 -1.0
syst_sys44+ 0.0 0.0 0.0 0.0 0.0 0.0 0.0 0.0 -0.0 -0.0 -0.0 -0.0 -0.1 -0.1 -0.0 0.1 0.2 0.4 0.6 0.8 0.9 1.0 1.1 1.1 1.1 1.1 1.1 1.1 1.2 1.3 1.7
syst_sys44- -0.0 -0.0 -0.0 -0.0 -0.0 -0.0 -0.0 -0.0 0.0 0.0 0.0 0.0 0.1 0.1 0.0 -0.1 -0.2 -0.4 -0.7 -0.8 -1.0 -1.0 -1.1 -1.1 -1.1 -1.1 -1.1 -1.1 -1.2 -1.3 -1.7
syst_sys45+ -0.0 0.0 0.0 0.0 0.0 0.0 0.0 0.0 0.0 0.0 0.0 0.0 0.0 0.0 0.0 0.0 0.0 0.0 0.0 0.0 0.0 0.0 0.0 0.0 0.0 0.0 0.0 0.0 0.0 0.0 0.0
syst_sys45- 0.0 -0.0 -0.0 -0.0 -0.0 -0.0 -0.0 -0.0 -0.0 -0.0 -0.0 -0.0 -0.0 -0.0 -0.0 -0.0 -0.0 -0.0 -0.0 -0.0 -0.0 -0.0 -0.0 -0.0 -0.0 -0.0 -0.0 -0.0 -0.0 -0.0 -0.0
syst_sys46+ 0.0 -0.0 -0.0 -0.0 -0.0 -0.0 -0.0 0.0 0.0 0.0 0.0 0.0 0.0 0.0 0.0 0.0 0.0 0.0 0.0 0.0 0.0 0.0 0.0 0.0 0.0 0.0 0.0 0.0 0.0 0.0 0.0
syst_sys46- -0.0 0.0 0.0 0.0 0.0 0.0 0.0 -0.0 -0.0 -0.0 -0.0 -0.0 -0.0 -0.0 -0.0 -0.0 -0.0 -0.0 -0.0 -0.0 -0.0 -0.0 -0.0 -0.0 -0.0 -0.0 -0.0 -0.0 -0.0 -0.0 -0.0
syst_sys47+ 0.0 0.0 0.0 0.0 0.0 0.0 0.0 0.0 0.0 0.0 0.0 0.0 0.0 0.0 0.0 0.0 0.0 0.0 0.0 0.0 0.0 0.0 0.0 0.0 0.0 0.0 0.0 0.0 0.0 0.0 0.0
syst_sys47- -0.0 -0.0 -0.0 -0.0 -0.0 -0.0 -0.0 -0.0 -0.0 -0.0 -0.0 -0.0 -0.0 -0.0 -0.0 -0.0 -0.0 -0.0 -0.0 -0.0 -0.0 -0.0 -0.0 -0.0 -0.0 -0.0 -0.0 -0.0 -0.0 -0.0 -0.0
syst_sys48+ 0.0 0.0 0.0 0.0 -0.0 -0.0 -0.0 -0.0 -0.0 0.0 0.0 0.0 0.0 0.0 0.0 0.0 0.0 0.0 0.0 0.0 0.0 0.0 0.0 0.0 0.0 0.0 0.0 0.0 0.0 0.0 0.0
syst_sys48- -0.0 -0.0 -0.0 -0.0 0.0 0.0 0.0 0.0 0.0 -0.0 -0.0 -0.0 -0.0 -0.0 -0.0 -0.1 -0.0 -0.0 -0.0 -0.0 -0.0 -0.0 -0.0 -0.0 -0.0 -0.0 -0.0 -0.0 -0.0 -0.0 -0.0
syst_sys49+ -0.0 -0.0 -0.0 -0.0 -0.0 -0.0 -0.0 -0.0 -0.0 -0.0 -0.0 -0.0 0.0 0.0 0.0 0.0 0.0 0.0 0.0 0.0 0.0 0.0 0.0 0.0 0.0 0.0 0.0 0.0 0.0 0.0 0.0
syst_sys49- 0.0 0.0 0.0 0.0 0.0 0.0 0.0 0.0 0.0 0.0 0.0 0.0 -0.0 -0.0 -0.0 -0.0 -0.0 -0.0 -0.0 -0.0 -0.0 -0.0 -0.0 -0.0 -0.0 -0.0 -0.0 -0.0 -0.0 -0.0 -0.0
syst_sys50+ 0.0 0.0 0.0 0.0 0.0 0.0 0.0 0.0 -0.0 -0.0 -0.0 -0.0 -0.0 -0.0 0.0 0.0 0.0 0.1 0.1 0.1 0.1 0.1 0.1 0.1 0.1 0.1 0.1 0.1 0.1 0.1 0.1
syst_sys50- -0.0 -0.0 -0.0 -0.0 -0.0 -0.0 -0.0 -0.0 0.0 0.0 0.0 0.0 0.0 0.0 -0.0 -0.0 -0.0 -0.1 -0.1 -0.1 -0.1 -0.1 -0.1 -0.1 -0.1 -0.1 -0.1 -0.1 -0.1 -0.1 -0.2
syst_sys51+ 0.0 0.0 0.0 0.0 0.0 0.0 0.0 0.0 0.0 -0.0 -0.0 -0.0 -0.0 -0.0 -0.0 -0.0 -0.0 0.0 0.1 0.1 0.2 0.3 0.4 0.5 0.5 0.6 0.6 0.7 0.7 0.8 1.1
syst_sys51- -0.0 -0.0 -0.0 -0.0 -0.0 -0.0 -0.0 -0.0 -0.0 0.0 0.0 0.0 0.0 0.0 0.0 0.0 0.0 -0.0 -0.1 -0.1 -0.2 -0.3 -0.4 -0.5 -0.5 -0.6 -0.6 -0.7 -0.7 -0.8 -1.1
syst_sys52+ 0.0 0.0 0.0 0.0 0.0 0.0 0.0 0.0 0.0 0.0 0.0 0.0 0.0 -0.0 -0.0 -0.0 -0.0 -0.0 -0.0 0.0 0.1 0.2 0.3 0.4 0.5 0.6 0.6 0.7 0.8 0.9 1.2
syst_sys52- -0.0 -0.0 -0.0 -0.0 -0.0 -0.0 -0.0 -0.0 -0.0 -0.0 -0.0 -0.0 -0.0 0.0 0.0 0.0 0.0 0.0 0.0 -0.0 -0.1 -0.2 -0.3 -0.4 -0.5 -0.6 -0.6 -0.7 -0.8 -0.9 -1.2
syst_sys53+ 0.0 0.0 0.0 0.0 0.0 0.0 0.0 0.0 0.0 0.0 0.0 0.0 -0.0 -0.0 -0.0 -0.0 -0.0 -0.0 -0.0 0.0 0.0 0.1 0.1 0.1 0.1 0.2 0.2 0.2 0.2 0.2 0.3
syst_sys53- -0.0 -0.0 -0.0 -0.0 -0.0 -0.0 -0.0 -0.0 -0.0 -0.0 -0.0 -0.0 0.0 0.0 0.0 0.0 0.0 0.0 0.0 -0.0 -0.0 -0.1 -0.1 -0.1 -0.1 -0.2 -0.2 -0.2 -0.2 -0.3 -0.3
syst_sys54+ 0.0 0.0 0.0 0.0 0.0 0.0 0.0 0.0 0.0 0.0 0.0 0.0 0.0 0.0 0.0 0.0 0.0 0.0 0.0 0.0 0.0 0.0 0.0 0.0 0.0 0.0 0.0 0.0 0.0 0.0 0.0
syst_sys54- 0.0 0.0 0.0 0.0 0.0 0.0 0.0 0.0 0.0 0.0 0.0 0.0 0.0 0.0 0.0 0.0 0.0 0.0 0.0 0.0 0.0 0.0 0.0 0.0 0.0 0.0 0.0 0.0 0.0 0.0 0.0
syst_sys55+ 0.4 0.3 0.3 0.3 0.3 0.3 0.2 0.2 0.2 0.2 0.2 0.3 0.3 0.2 0.2 0.2 0.2 0.2 0.2 0.3 0.3 0.3 0.4 0.4 0.5 0.5 0.5 0.7 0.9 1.5 3.0
syst_sys55- -0.4 -0.3 -0.3 -0.3 -0.3 -0.3 -0.2 -0.2 -0.2 -0.2 -0.2 -0.2 -0.2 -0.2 -0.2 -0.2 -0.2 -0.3 -0.3 -0.2 -0.3 -0.3 -0.4 -0.5 -0.3 -0.4 -0.6 -0.7 -0.9 -1.4 -2.8
syst_sys56+ 0.0 0.0 0.0 0.0 0.0 0.0 0.0 0.0 0.0 0.0 0.0 0.0 0.0 0.0 0.0 0.0 0.0 0.0 0.0 0.0 0.0 0.0 0.0 0.0 0.0 0.0 0.0 0.0 0.0 0.0 0.0
syst_sys56- 0.0 0.0 0.0 0.0 0.0 0.0 0.0 0.0 0.0 0.0 0.0 0.0 0.0 0.0 0.0 0.0 0.0 0.0 0.0 0.0 0.0 0.0 0.0 0.0 0.0 0.0 0.0 0.0 0.0 0.0 0.0
syst_sys57+ 0.0 0.0 0.0 0.0 0.0 0.0 0.0 0.0 0.0 0.0 0.0 0.0 0.0 0.0 0.0 0.0 0.0 0.0 0.0 0.0 0.0 0.0 0.0 0.0 -0.1 -1.2 -2.8 -1.6 2.9 14 43
syst_sys57- -0.0 -0.0 -0.0 -0.0 -0.0 -0.0 -0.0 -0.0 -0.0 -0.0 -0.0 -0.0 -0.0 -0.0 -0.0 -0.0 -0.0 -0.0 -0.0 -0.0 -0.0 -0.0 -0.0 -0.0 0.1 1.3 3.0 1.8 -3.6 -16 -35
syst_sys58+ -0.8 -0.9 -1.1 -1.3 -1.3 -1.3 -1.1 -0.9 -0.9 -1.0 -1.1 -1.2 -1.3 -1.4 -1.5 -1.4 -1.2 -0.9 -0.8 -0.8 -0.8 -0.8 -0.7 -0.6 -0.3 -0.1 0.1 0.2 -0.1 -1.8 -2.6
syst_sys58- 0.7 0.8 1.0 1.2 1.3 1.3 1.1 0.9 0.8 0.9 1.1 1.3 1.4 1.5 1.5 1.4 1.2 0.9 0.8 0.7 0.8 0.8 0.7 0.6 0.4 0.2 -0.0 -0.2 0.2 1.8 2.8
syst_sys59+ -0.6 -0.6 -0.6 -0.5 -0.5 -0.5 -0.4 -0.4 -0.3 -0.4 -0.4 -0.4 -0.4 -0.4 -0.2 -0.1 -0.0 -0.0 -0.0 -0.0 -0.0 -0.0 -0.0 -0.0 -0.0 -0.0 -0.0 -0.0 -0.0 -0.0 -0.0
syst_sys59- 0.7 0.6 0.5 0.4 0.4 0.5 0.4 0.4 0.4 0.3 0.3 0.4 0.4 0.4 0.3 0.1 0.1 0.0 0.0 0.0 0.0 0.0 0.0 0.0 0.0 0.0 0.0 0.0 0.0 0.0 0.0
syst_sys60+ -1.1 -1.0 -0.9 -0.8 -0.7 -0.7 -0.6 -0.5 -0.5 -0.6 -0.6 -0.6 -0.6 -0.5 -0.3 -0.1 0.0 0.1 0.1 0.1 0.1 0.1 0.1 0.1 0.1 0.1 0.1 0.1 0.1 0.1 0.0
syst_sys60- 1.2 0.9 0.8 0.7 0.7 0.6 0.6 0.5 0.5 0.5 0.5 0.6 0.7 0.5 0.3 0.1 -0.0 -0.1 -0.1 -0.1 -0.1 -0.1 -0.1 -0.0 -0.0 -0.0 -0.0 -0.0 -0.0 -0.0 -0.0
syst_sys61+ 0.8 0.8 0.7 0.7 0.8 0.8 0.9 1.0 1.1 1.1 1.1 1.0 0.9 0.6 0.4 0.2 0.1 0.0 -0.0 -0.0 -0.0 -0.0 -0.0 -0.0 -0.0 -0.0 -0.0 -0.0 -0.0 -0.0 0.0
syst_sys61- -0.9 -0.8 -0.7 -0.7 -0.7 -0.8 -0.9 -1.0 -1.0 -1.1 -1.0 -0.9 -0.8 -0.6 -0.3 -0.2 -0.1 -0.0 0.0 0.0 0.0 0.0 0.0 0.0 0.0 0.0 0.0 0.0 0.0 0.0 0.0
syst_sys62+ 0.4 0.4 0.3 0.3 0.2 0.2 0.2 0.1 0.1 0.1 0.1 0.1 0.1 0.1 0.1 0.1 0.1 0.1 0.1 0.1 0.1 0.1 0.1 0.1 0.0 0.0 0.0 0.0 0.0 0.0 0.0
syst_sys62- -0.5 -0.4 -0.3 -0.3 -0.2 -0.2 -0.2 -0.1 -0.1 -0.1 -0.1 -0.1 -0.1 -0.1 -0.1 -0.1 -0.1 -0.1 -0.1 -0.1 -0.1 -0.1 -0.1 -0.1 -0.0 -0.0 -0.0 -0.0 -0.0 -0.0 -0.0
syst_sys63+ 5.8 5.3 5.0 4.7 4.3 4.0 3.6 3.3 3.0 2.9 2.8 2.7 2.7 2.5 2.2 2.0 1.8 1.7 1.6 1.6 1.7 1.7 1.6 1.5 1.4 1.3 1.2 1.1 1.0 0.9 0.8
syst_sys63- -5.5 -5.3 -5.0 -4.6 -4.2 -3.9 -3.5 -3.2 -3.0 -2.9 -2.8 -2.7 -2.6 -2.4 -2.1 -1.9 -1.7 -1.6 -1.6 -1.6 -1.7 -1.6 -1.6 -1.5 -1.4 -1.3 -1.2 -1.1 -0.9 -0.8 -0.8
syst_sys64+ 3.0 2.4 1.9 1.6 1.4 1.3 1.2 1.1 1.1 1.1 1.0 0.9 0.9 0.9 0.9 0.8 0.8 0.8 0.9 0.9 0.9 0.9 0.9 1.0 1.0 1.0 1.0 1.1 1.3 1.8 3.0
syst_sys64- -3.0 -2.4 -1.9 -1.6 -1.4 -1.3 -1.2 -1.1 -1.1 -1.1 -1.0 -0.9 -0.9 -0.9 -0.9 -0.8 -0.8 -0.8 -0.9 -0.9 -0.9 -0.9 -0.9 -1.0 -1.0 -1.0 -1.0 -1.1 -1.3 -1.8 -3.0
syst_sys65+ 0.0 0.0 0.0 0.0 0.0 0.0 0.0 0.0 0.0 0.0 0.0 0.1 0.1 0.1 0.0 0.0 0.0 0.0 0.0 0.0 0.0 0.0 0.0 0.0 0.0 0.0 0.0 0.0 0.0 0.0 0.0
syst_sys65- -0.0 -0.0 -0.0 -0.0 -0.0 -0.0 -0.0 -0.0 -0.0 -0.0 -0.0 -0.1 -0.1 -0.1 -0.0 -0.0 -0.0 -0.0 -0.0 -0.0 -0.0 -0.0 -0.0 -0.0 -0.0 -0.0 -0.0 -0.0 -0.0 -0.0 -0.0
syst_sys66+ 0.1 0.1 0.0 0.0 0.0 0.0 0.0 0.0 0.0 0.0 0.0 0.0 0.0 0.0 0.0 0.0 0.0 0.0 0.0 0.0 0.0 0.0 0.0 0.0 0.1 0.1 0.1 0.0 1.0 0.2 5.5
syst_sys66- -0.1 -0.1 -0.0 -0.0 -0.0 -0.0 -0.0 -0.0 -0.0 -0.0 -0.0 -0.0 -0.0 -0.0 -0.0 -0.0 -0.0 -0.0 -0.0 -0.0 -0.0 -0.0 -0.0 -0.0 -0.1 -0.1 -0.1 -0.0 -1.0 -0.2 -5.5
syst_sys67+ 0.5 0.5 0.5 0.5 0.5 0.5 0.5 0.5 0.5 0.5 0.5 0.5 0.5 0.5 0.5 0.5 0.5 0.5 0.5 0.5 0.5 0.5 0.5 0.5 0.5 0.5 0.5 0.5 0.5 0.5 0.5
syst_sys67- -0.5 -0.5 -0.5 -0.5 -0.5 -0.5 -0.5 -0.5 -0.5 -0.5 -0.5 -0.5 -0.5 -0.5 -0.5 -0.5 -0.5 -0.5 -0.5 -0.5 -0.5 -0.5 -0.5 -0.5 -0.5 -0.5 -0.5 -0.5 -0.5 -0.5 -0.5
syst_sys68+ 1.8 1.8 1.8 1.8 1.8 1.8 1.8 1.8 1.8 1.8 1.8 1.8 1.8 1.8 1.8 1.8 1.8 1.8 1.8 1.8 1.8 1.8 1.8 1.8 1.8 1.8 1.8 1.8 1.8 1.8 1.8
syst_sys68- -1.8 -1.8 -1.8 -1.8 -1.8 -1.8 -1.8 -1.8 -1.8 -1.8 -1.8 -1.8 -1.8 -1.8 -1.8 -1.8 -1.8 -1.8 -1.8 -1.8 -1.8 -1.8 -1.8 -1.8 -1.8 -1.8 -1.8 -1.8 -1.8 -1.8 -1.8
syst_sys69+ 0.0 0.0 0.0 0.0 0.0 0.0 0.0 0.0 0.0 0.0 0.0 0.0 0.0 0.0 0.0 0.0 0.0 0.0 0.0 0.0 0.0 0.0 0.0 0.0 0.0 0.0 0.0 0.0 0.0 0.0 0.0
syst_sys69- -0.0 -0.0 -0.0 -0.0 -0.0 -0.0 -0.0 -0.0 -0.0 -0.0 -0.0 -0.0 -0.0 -0.0 -0.0 -0.0 -0.0 -0.0 -0.0 -0.0 -0.0 -0.0 -0.0 -0.0 -0.0 -0.0 -0.0 -0.0 -0.0 -0.0 -0.0
;mean xmin xmax cross staterr   +syst    -syst 
108.0 100 116 4.23e+03 0.55 8.01 7.86
125.0 116 134 2.02e+03 0.75 7.38 7.39
143.0 134 152 9.88e+02 0.88 6.99 7.04
162.0 152 172 5.02e+02 0.71 6.76 6.76
183.0 172 194 2.58e+02 0.56 6.54 6.49
205.0 194 216 1.37e+02 0.72 6.42 6.37
228.0 216 240 7.55e+01 0.52 6.11 6.06
252.0 240 264 4.28e+01 0.67 5.93 5.81
277.0 264 290 2.47e+01 0.86 5.82 5.67
304.0 290 318 1.44e+01 1.0 5.70 5.69
332.0 318 346 8.40e+00 0.98 5.58 5.69
361.0 346 376 5.14e+00 0.54 5.57 5.53
392.0 376 408 3.11e+00 0.30 5.65 5.42
425.0 408 442 1.89e+00 0.33 5.62 5.25
460.0 442 478 1.13e+00 0.33 5.34 5.23
497.0 478 516 6.83e-01 0.27 5.35 5.26
536.0 516 556 4.19e-01 0.34 5.48 5.36
577.0 556 598 2.53e-01 0.42 5.77 5.69
620.0 598 642 1.55e-01 0.53 6.10 6.12
665.0 642 688 9.48e-02 0.67 6.70 6.56
712.0 688 736 5.80e-02 0.83 7.29 7.21
761.0 736 786 3.61e-02 1.0 7.72 7.63
812.0 786 838 2.22e-02 1.3 8.44 8.23
866.0 838 894 1.31e-02 1.6 9.03 8.88
923.0 894 952 7.94e-03 2.1 9.66 9.28
982.0 952 1012 4.98e-03 2.5 10.17 10.00
1044.0 1012 1076 2.97e-03 3.3 10.96 10.86
1119.0 1076 1162 1.67e-03 3.9 11.46 10.95
1236.0 1162 1310 7.00e-04 5.3 12.43 12.21
1420.0 1310 1530 1.55e-04 10 19.82 20.74
1761.0 1530 1992 1.17e-05 25 47.07 39.44
