; Data taken from arxiv1410.8857 
; systematics
syst_statmc+  +1.0 +0.97 +0.82 +1.1 +0.51 +0.55 +0.77 +0.59 +0.71 +0.76 +0.86 +1.2 +1.1 +1.6 +1.4 +1.3 +2.2 +2.4 +5.5
syst_statmc-  -1.0 -0.97 -0.82 -1.1 -0.51 -0.55 -0.77 -0.59 -0.71 -0.76 -0.86 -1.2 -1.1 -1.6 -1.4 -1.3 -2.2 -2.4 -5.5
syst_sys1+ 3.4 3.5 3.7 3.8 4.2 4.7 4.8 5.0 5.5 5.8 6.0 6.2 6.9 7.2 8.8 9.6 11 14 22
syst_sys1- -3.4 -3.3 -3.5 -4.1 -4.3 -4.4 -4.8 -5.2 -5.3 -5.3 -5.3 -5.8 -6.7 -8.2 -8.3 -9.4 -12 -12 -17
syst_sys2+ 1.0 1.0 0.8 0.7 0.6 0.5 0.5 0.4 0.3 0.3 0.3 0.2 0.2 0.2 0.2 0.1 0.1 0.1 0.0
syst_sys2- -1.1 -0.9 -0.7 -0.6 -0.6 -0.5 -0.4 -0.4 -0.3 -0.3 -0.2 -0.2 -0.2 -0.2 -0.2 -0.2 -0.3 -0.4 -0.4
syst_sys3+ 0.1 0.0 0.0 0.0 0.0 0.0 0.0 0.0 0.0 0.0 0.0 0.0 0.0 0.0 0.0 0.0 0.0 0.0 0.0
syst_sys3- -0.1 -0.1 -0.1 -0.0 -0.0 -0.0 -0.0 -0.0 -0.0 -0.0 -0.0 -0.0 -0.0 -0.0 -0.0 -0.0 -0.0 -0.0 -0.0
syst_sys4+ 0.5 0.5 0.4 0.4 0.3 0.3 0.2 0.2 0.2 0.1 0.1 0.1 0.1 0.1 0.1 0.1 0.1 0.0 0.0
syst_sys4- -0.5 -0.4 -0.4 -0.3 -0.3 -0.2 -0.2 -0.2 -0.2 -0.1 -0.1 -0.1 -0.1 -0.1 -0.1 -0.1 -0.1 -0.1 -0.5
syst_sys5+ 2.0 1.9 1.7 1.4 1.3 1.2 1.0 0.8 0.7 0.6 0.6 0.5 0.5 0.4 0.4 0.4 0.4 0.3 0.1
syst_sys5- -2.0 -1.8 -1.6 -1.4 -1.3 -1.1 -1.0 -0.8 -0.7 -0.6 -0.6 -0.5 -0.5 -0.4 -0.4 -0.5 -0.6 -0.6 -0.6
syst_sys6+ -0.1 -0.1 -0.0 0.0 0.2 0.3 0.4 0.4 0.4 0.4 0.4 0.4 0.3 0.2 0.2 0.1 0.1 0.1 0.0
syst_sys6- 0.0 0.1 0.1 -0.0 -0.1 -0.2 -0.3 -0.4 -0.4 -0.4 -0.4 -0.3 -0.3 -0.2 -0.2 -0.3 -0.3 -0.4 -0.5
syst_sys7+ 0.1 0.1 0.0 0.0 0.0 0.0 0.0 0.0 0.0 0.0 0.0 0.0 0.0 0.0 0.0 0.0 0.0 0.0 0.0
syst_sys7- -0.1 -0.1 -0.0 -0.0 -0.0 -0.0 -0.0 -0.0 -0.0 -0.0 -0.0 -0.0 -0.0 -0.0 -0.0 -0.0 -0.0 -0.0 -0.0
syst_sys8+ 0.8 0.8 0.7 0.5 0.5 0.5 0.5 0.4 0.4 0.5 0.5 0.5 0.5 0.5 0.5 0.7 0.7 0.7 1.5
syst_sys8- -0.9 -0.7 -0.6 -0.5 -0.5 -0.4 -0.4 -0.4 -0.4 -0.4 -0.5 -0.5 -0.5 -0.5 -0.6 -0.7 -0.9 -1.0 -1.8
syst_sys9+ 0.1 0.1 0.1 0.1 0.1 0.1 0.1 0.1 0.1 0.1 0.1 0.1 0.2 0.2 0.2 0.2 0.2 0.1 0.0
syst_sys9- -0.1 -0.1 -0.1 -0.1 -0.1 -0.1 -0.1 -0.1 -0.1 -0.1 -0.1 -0.2 -0.2 -0.2 -0.2 -0.2 -0.2 -0.2 -0.8
syst_sys10+ 0.5 0.6 0.6 0.5 0.4 0.4 0.3 0.3 0.2 0.2 0.2 0.1 0.1 0.1 0.1 0.1 0.1 0.0 0.0
syst_sys10- -0.5 -0.5 -0.5 -0.4 -0.4 -0.3 -0.3 -0.3 -0.2 -0.2 -0.2 -0.1 -0.1 -0.1 -0.1 -0.1 -0.1 -0.1 -0.5
syst_sys11+ 0.4 0.5 0.4 0.4 0.4 0.3 0.3 0.3 0.3 0.4 0.4 0.4 0.4 0.5 0.6 0.7 0.7 0.7 1.3
syst_sys11- -0.4 -0.4 -0.4 -0.3 -0.3 -0.3 -0.3 -0.3 -0.3 -0.3 -0.4 -0.5 -0.5 -0.5 -0.6 -0.7 -0.8 -0.9 -1.6
syst_sys12+ 1.2 1.2 1.1 1.0 1.0 1.1 1.1 1.1 1.1 1.2 1.3 1.4 1.4 1.5 1.7 1.8 1.9 1.8 2.2
syst_sys12- -1.3 -1.1 -1.1 -1.0 -1.0 -1.0 -1.0 -1.0 -1.1 -1.2 -1.2 -1.1 -1.1 -1.2 -1.4 -1.6 -1.8 -1.8 -2.7
syst_sys13+ 0.7 0.8 0.7 0.6 0.6 0.7 0.8 0.8 0.9 1.1 1.3 1.4 1.5 1.7 2.0 2.3 2.5 2.7 5.2
syst_sys13- -0.9 -0.7 -0.6 -0.6 -0.6 -0.7 -0.7 -0.8 -1.0 -1.1 -1.2 -1.2 -1.2 -1.4 -1.7 -2.1 -2.4 -2.8 -5.6
syst_sys14+ -0.0 0.0 0.0 0.1 0.1 0.1 0.2 0.2 0.2 0.2 0.2 0.2 0.2 0.2 0.1 0.1 0.1 0.1 0.5
syst_sys14- 0.0 -0.0 -0.0 -0.1 -0.1 -0.1 -0.1 -0.1 -0.1 -0.2 -0.2 -0.2 -0.1 -0.1 -0.2 -0.2 -0.3 -0.3 -0.8
syst_sys15+ -0.0 -0.0 0.0 0.0 0.1 0.1 0.1 0.1 0.2 0.2 0.2 0.2 0.3 0.3 0.4 0.5 0.6 0.7 2.3
syst_sys15- 0.0 0.0 -0.0 -0.0 -0.0 -0.1 -0.1 -0.1 -0.1 -0.2 -0.2 -0.2 -0.2 -0.3 -0.4 -0.5 -0.7 -0.9 -2.7
syst_sys16+ -0.0 -0.0 -0.0 0.0 0.1 0.1 0.2 0.2 0.3 0.3 0.4 0.5 0.6 0.7 0.9 1.2 1.3 1.5 3.9
syst_sys16- 0.0 0.0 0.0 -0.0 -0.0 -0.1 -0.1 -0.2 -0.3 -0.3 -0.4 -0.5 -0.6 -0.7 -0.9 -1.2 -1.4 -1.6 -4.1
syst_sys17+ 0.0 -0.0 -0.0 -0.0 -0.0 0.0 0.1 0.2 0.2 0.3 0.5 0.5 0.6 0.8 1.0 1.4 1.8 2.3 7.4
syst_sys17- -0.0 0.0 0.0 0.0 0.0 -0.0 -0.1 -0.2 -0.2 -0.3 -0.4 -0.5 -0.6 -0.7 -0.9 -1.3 -1.8 -2.4 -7.6
syst_sys18+ 0.0 0.0 0.0 0.1 0.2 0.2 0.3 0.3 0.3 0.4 0.4 0.5 0.5 0.6 0.7 0.9 1.0 1.1 3.5
syst_sys18- -0.0 -0.0 -0.1 -0.1 -0.2 -0.2 -0.3 -0.3 -0.3 -0.4 -0.4 -0.5 -0.5 -0.5 -0.6 -0.8 -1.0 -1.2 -3.9
syst_sys19+ -0.0 -0.0 0.0 0.0 0.1 0.2 0.2 0.3 0.3 0.4 0.6 0.7 0.7 0.8 1.0 1.3 1.4 1.6 3.5
syst_sys19- 0.0 0.0 -0.0 -0.0 -0.1 -0.1 -0.2 -0.3 -0.3 -0.4 -0.5 -0.6 -0.7 -0.8 -1.0 -1.2 -1.5 -1.7 -3.8
syst_sys20+ -0.0 -0.0 0.0 0.1 0.2 0.3 0.3 0.4 0.5 0.6 0.7 0.8 0.9 1.2 1.7 2.4 3.1 4.2 15
syst_sys20- 0.0 0.0 -0.0 -0.1 -0.2 -0.2 -0.3 -0.4 -0.5 -0.6 -0.7 -0.8 -0.9 -1.1 -1.5 -2.3 -3.1 -4.4 -13
syst_sys21+ -0.0 -0.0 0.0 0.1 0.1 0.2 0.3 0.3 0.3 0.4 0.5 0.5 0.5 0.6 0.8 1.1 1.3 1.4 3.5
syst_sys21- 0.0 0.0 -0.0 -0.1 -0.1 -0.2 -0.2 -0.3 -0.3 -0.4 -0.4 -0.5 -0.5 -0.6 -0.8 -1.1 -1.3 -1.5 -4.0
syst_sys22+ 0.0 0.0 0.0 0.0 0.0 0.0 0.0 0.0 0.0 0.0 0.0 0.0 0.0 0.0 0.0 0.0 0.0 0.0 0.0
syst_sys22- -0.1 -0.0 -0.0 -0.0 -0.0 -0.0 -0.0 -0.0 -0.0 -0.0 -0.0 -0.0 -0.0 -0.0 -0.0 -0.0 -0.0 -0.0 -0.0
syst_sys23+ 0.0 0.0 0.0 0.0 0.0 0.0 0.0 0.0 0.0 0.0 0.0 0.0 0.0 0.0 0.0 0.0 0.0 0.0 0.0
syst_sys23- -0.1 -0.0 -0.0 -0.0 -0.0 -0.0 -0.0 -0.0 -0.0 -0.0 -0.0 -0.0 -0.0 -0.0 -0.0 -0.0 -0.0 -0.0 -0.0
syst_sys24+ 0.1 0.0 0.0 0.0 0.0 0.0 0.0 0.0 0.0 0.0 0.0 0.0 0.1 0.1 0.1 0.1 0.1 0.0 0.0
syst_sys24- -0.1 -0.1 -0.0 -0.0 -0.0 -0.0 -0.0 -0.0 -0.1 -0.1 -0.1 -0.1 -0.1 -0.1 -0.1 -0.2 -0.2 -0.3 -0.6
syst_sys25+ 0.1 0.1 0.0 0.0 0.0 0.0 0.0 0.0 0.0 0.0 0.0 0.0 0.0 0.0 0.0 0.0 0.0 0.0 0.0
syst_sys25- -0.1 -0.1 -0.1 -0.0 -0.0 -0.0 -0.0 -0.0 -0.0 -0.0 -0.0 -0.0 -0.0 -0.0 -0.0 -0.0 -0.0 -0.0 -0.0
syst_sys26+ 0.1 0.1 0.1 0.0 0.0 0.0 0.0 0.0 0.0 0.0 0.0 0.0 0.0 0.0 0.0 0.0 0.0 0.0 0.0
syst_sys26- -0.2 -0.1 -0.1 -0.0 -0.0 -0.0 -0.0 -0.0 -0.0 -0.0 -0.0 -0.0 -0.0 -0.0 -0.0 -0.0 -0.0 -0.0 -0.0
syst_sys27+ 0.3 0.2 0.1 0.1 0.1 0.0 0.0 0.0 0.0 0.0 0.0 0.0 0.0 0.0 0.0 0.0 0.0 0.0 0.0
syst_sys27- -0.3 -0.2 -0.1 -0.1 -0.0 -0.0 -0.0 -0.0 -0.0 -0.0 -0.0 -0.0 -0.0 -0.0 -0.0 -0.0 -0.0 -0.0 -0.0
syst_sys28+ 0.4 0.3 0.2 0.1 0.1 0.1 0.1 0.0 0.0 0.0 0.0 0.0 0.0 0.0 0.0 0.0 0.0 0.0 0.1
syst_sys28- -0.5 -0.3 -0.2 -0.1 -0.1 -0.1 -0.0 -0.0 -0.0 -0.0 -0.0 -0.0 -0.0 -0.0 -0.0 -0.0 -0.0 -0.0 -0.1
syst_sys29+ 0.6 0.6 0.4 0.3 0.2 0.2 0.1 0.1 0.1 0.0 0.0 0.0 0.0 0.0 0.0 0.0 0.0 0.0 0.0
syst_sys29- -0.6 -0.5 -0.4 -0.3 -0.2 -0.1 -0.1 -0.1 -0.1 -0.1 -0.1 -0.1 -0.0 -0.0 -0.0 -0.0 -0.0 -0.0 -0.0
syst_sys30+ 0.3 0.6 0.6 0.5 0.4 0.3 0.3 0.2 0.1 0.1 0.1 0.1 0.1 0.1 0.1 0.1 0.0 0.0 0.1
syst_sys30- -0.3 -0.5 -0.5 -0.4 -0.4 -0.3 -0.2 -0.2 -0.2 -0.1 -0.1 -0.1 -0.1 -0.1 -0.0 -0.0 -0.0 -0.0 -0.0
syst_sys31+ 0.0 0.1 0.3 0.4 0.5 0.5 0.5 0.4 0.3 0.2 0.2 0.2 0.1 0.1 0.1 0.1 0.0 0.0 0.4
syst_sys31- -0.1 -0.2 -0.3 -0.4 -0.5 -0.5 -0.4 -0.3 -0.3 -0.2 -0.2 -0.2 -0.1 -0.1 -0.1 -0.1 -0.2 -0.3 -0.5
syst_sys32+ -0.0 -0.0 -0.0 0.0 0.1 0.2 0.2 0.3 0.3 0.2 0.2 0.2 0.2 0.2 0.1 0.1 0.1 0.1 0.0
syst_sys32- 0.0 0.0 0.0 -0.0 -0.1 -0.1 -0.2 -0.3 -0.3 -0.3 -0.2 -0.2 -0.2 -0.2 -0.2 -0.2 -0.2 -0.2 -0.3
syst_sys33+ 0.0 0.0 0.0 0.0 0.0 0.0 0.0 0.0 0.0 0.0 0.0 0.0 0.0 0.0 0.0 0.0 0.0 -0.0 -0.0
syst_sys33- -0.0 -0.0 -0.0 -0.0 -0.0 -0.0 -0.0 -0.0 -0.0 -0.0 -0.0 -0.0 -0.0 -0.0 -0.0 -0.0 -0.0 0.0 0.0
syst_sys34+ 0.0 0.0 0.0 0.0 0.0 0.0 0.0 0.0 0.0 0.0 0.0 0.0 0.0 0.0 0.0 0.0 0.0 0.0 0.0
syst_sys34- -0.1 -0.0 -0.0 -0.0 -0.0 -0.0 -0.0 -0.0 -0.0 -0.0 -0.0 -0.0 -0.0 -0.0 -0.0 -0.0 -0.0 -0.0 -0.0
syst_sys35+ 0.1 0.1 0.0 0.0 0.0 0.0 0.0 0.0 0.0 0.0 0.0 0.0 -0.0 -0.0 -0.0 -0.0 -0.0 -0.0 -0.0
syst_sys35- -0.1 -0.1 -0.0 -0.0 -0.0 -0.0 -0.0 -0.0 -0.0 -0.0 -0.0 -0.0 0.0 0.0 0.0 0.0 0.0 0.0 0.0
syst_sys36+ 0.1 0.1 0.0 0.0 0.0 0.0 0.0 0.0 0.0 0.0 0.0 0.0 0.0 0.0 0.0 0.0 0.0 0.0 0.0
syst_sys36- -0.1 -0.1 -0.1 -0.0 -0.0 -0.0 -0.0 -0.0 -0.0 -0.0 -0.0 -0.0 -0.0 -0.0 -0.0 -0.0 -0.0 -0.0 -0.0
syst_sys37+ 0.1 0.1 0.1 0.1 0.1 0.1 0.1 0.1 0.0 0.0 0.0 0.0 0.0 0.0 0.0 0.0 0.0 0.0 0.2
syst_sys37- -0.1 -0.1 -0.1 -0.1 -0.1 -0.1 -0.1 -0.0 -0.0 -0.0 -0.0 -0.0 -0.0 -0.0 -0.0 -0.0 -0.0 -0.0 -0.2
syst_sys38+ 0.0 0.0 0.0 0.0 0.0 0.1 0.1 0.1 0.1 0.0 0.0 0.0 0.0 0.0 0.0 0.0 0.0 0.0 0.0
syst_sys38- -0.0 -0.0 -0.1 -0.1 -0.1 -0.1 -0.1 -0.1 -0.1 -0.1 -0.0 -0.0 -0.0 -0.0 -0.0 -0.0 -0.0 -0.0 -0.0
syst_sys39+ -0.0 0.0 0.0 0.1 0.1 0.1 0.1 0.1 0.1 0.1 0.1 0.1 0.1 0.1 0.1 0.1 0.0 0.0 0.2
syst_sys39- 0.0 -0.0 -0.0 -0.0 -0.1 -0.1 -0.1 -0.2 -0.2 -0.2 -0.1 -0.1 -0.1 -0.0 -0.0 -0.0 -0.0 -0.0 -0.2
syst_sys40+ -0.0 -0.0 -0.0 0.0 0.0 0.1 0.1 0.2 0.2 0.2 0.3 0.2 0.2 0.2 0.2 0.1 0.1 0.1 0.1
syst_sys40- 0.0 0.0 0.0 -0.0 -0.0 -0.0 -0.1 -0.2 -0.2 -0.3 -0.2 -0.2 -0.2 -0.2 -0.2 -0.2 -0.3 -0.4 -0.4
syst_sys41+ 0.0 0.0 -0.0 -0.0 -0.0 0.0 0.0 0.1 0.1 0.2 0.3 0.4 0.4 0.4 0.3 0.3 0.3 0.2 0.0
syst_sys41- -0.0 -0.0 0.0 0.0 0.0 -0.0 -0.0 -0.1 -0.1 -0.2 -0.3 -0.3 -0.3 -0.3 -0.3 -0.4 -0.4 -0.5 -0.8
syst_sys42+ 0.0 0.0 0.0 -0.0 -0.0 -0.0 -0.0 -0.0 0.0 0.1 0.3 0.4 0.5 0.6 0.8 0.9 1.0 0.9 1.8
syst_sys42- -0.0 -0.0 -0.0 0.0 0.0 0.0 0.0 0.0 -0.0 -0.1 -0.2 -0.4 -0.5 -0.6 -0.7 -0.9 -1.0 -1.1 -2.1
syst_sys43+ 0.0 0.0 0.0 0.0 0.0 0.0 -0.0 -0.0 -0.0 -0.0 0.0 0.1 0.3 0.5 0.8 1.0 1.1 1.0 1.0
syst_sys43- -0.0 -0.0 -0.0 -0.0 -0.0 -0.0 0.0 0.0 0.0 0.0 -0.0 -0.1 -0.1 -0.3 -0.6 -0.9 -1.1 -1.2 -1.0
syst_sys44+ 0.0 0.0 0.0 0.0 0.0 0.0 0.0 0.0 -0.0 -0.0 -0.0 -0.0 0.0 0.1 0.3 0.7 1.1 1.6 4.4
syst_sys44- -0.0 -0.0 -0.0 -0.0 -0.0 -0.0 -0.0 -0.0 0.0 0.0 0.0 0.0 -0.0 -0.1 -0.4 -0.8 -1.2 -1.8 -5.0
syst_sys45+ 0.0 0.0 0.0 0.0 0.0 0.0 0.0 0.0 0.0 0.0 0.0 0.0 0.0 0.0 0.0 0.0 0.0 0.0 0.0
syst_sys45- -0.0 -0.0 -0.0 -0.0 -0.0 -0.0 -0.0 -0.0 -0.0 -0.0 -0.0 -0.0 -0.0 -0.0 -0.0 -0.0 -0.0 -0.0 -0.0
syst_sys46+ 0.0 0.0 0.0 0.0 0.0 0.0 0.0 0.0 0.0 0.0 0.0 0.0 0.0 0.0 0.0 0.0 0.0 0.0 0.0
syst_sys46- -0.0 -0.0 -0.0 -0.0 -0.0 -0.0 -0.0 -0.0 -0.0 -0.0 -0.0 -0.0 -0.0 -0.0 -0.0 -0.0 -0.0 -0.0 -0.0
syst_sys47+ -0.0 -0.0 0.0 0.0 0.0 0.0 0.0 0.0 0.0 0.0 0.0 0.0 0.0 0.0 0.0 0.0 0.0 -0.0 -0.0
syst_sys47- 0.0 0.0 -0.0 -0.0 -0.0 -0.0 -0.0 -0.0 -0.0 -0.0 -0.0 -0.0 -0.0 -0.0 -0.0 -0.0 -0.0 0.0 0.0
syst_sys48+ -0.0 -0.0 -0.0 -0.0 -0.0 -0.0 -0.0 -0.0 -0.0 0.0 0.0 0.0 0.0 0.0 0.0 0.0 0.0 0.0 0.2
syst_sys48- 0.0 0.0 0.0 0.0 0.0 0.0 0.0 0.0 0.0 -0.0 -0.0 -0.0 -0.0 -0.0 -0.0 -0.0 -0.0 -0.0 -0.2
syst_sys49+ -0.0 -0.0 -0.0 -0.0 -0.0 -0.0 -0.0 -0.0 -0.0 -0.0 -0.0 0.0 0.0 0.0 0.0 0.0 0.0 0.0 0.0
syst_sys49- 0.0 0.0 0.0 0.0 0.0 0.0 0.0 0.0 0.0 0.0 0.0 -0.0 -0.0 -0.0 -0.0 -0.0 -0.0 -0.0 -0.0
syst_sys50+ -0.0 -0.0 -0.0 -0.0 -0.0 -0.0 -0.0 -0.0 -0.0 -0.0 -0.0 0.0 0.0 0.0 0.0 0.0 0.0 0.0 0.5
syst_sys50- 0.0 0.0 0.0 0.0 0.0 0.0 0.0 0.0 0.0 0.0 0.0 -0.0 -0.0 -0.0 -0.0 -0.1 -0.2 -0.3 -0.6
syst_sys51+ -0.0 -0.0 -0.0 -0.0 -0.0 -0.0 -0.0 -0.0 -0.0 -0.0 -0.0 -0.0 -0.0 -0.0 0.0 0.0 0.0 0.0 1.3
syst_sys51- 0.0 0.0 0.0 0.0 0.0 0.0 0.0 0.0 0.0 0.0 0.0 0.0 0.0 0.0 -0.0 -0.0 -0.2 -0.3 -1.3
syst_sys52+ -0.0 -0.0 -0.0 -0.0 -0.0 -0.0 -0.0 -0.0 -0.0 -0.0 -0.0 -0.0 -0.0 -0.0 -0.0 -0.0 -0.0 0.0 0.8
syst_sys52- 0.0 0.0 0.0 0.0 0.0 0.0 0.0 0.0 0.0 0.0 0.0 0.0 0.0 0.0 0.0 0.0 0.0 -0.0 -0.9
syst_sys53+ -0.0 -0.0 -0.0 -0.0 -0.0 -0.0 -0.0 -0.0 -0.0 -0.0 -0.0 -0.0 -0.0 -0.0 -0.0 -0.0 -0.0 0.0 0.2
syst_sys53- 0.0 0.0 0.0 0.0 0.0 0.0 0.0 0.0 0.0 0.0 0.0 0.0 0.0 0.0 0.0 0.0 0.0 -0.0 -0.2
syst_sys54+ 0.0 0.0 0.0 0.0 0.0 0.0 0.0 0.0 0.0 0.0 0.0 0.0 0.0 0.0 0.0 0.0 0.0 0.0 0.0
syst_sys54- 0.0 0.0 0.0 0.0 0.0 0.0 0.0 0.0 0.0 0.0 0.0 0.0 0.0 0.0 0.0 0.0 0.0 0.0 0.0
syst_sys55+ 0.8 0.9 0.8 0.7 0.7 0.8 0.8 0.6 0.7 0.7 0.9 1.1 1.1 1.0 1.5 1.6 2.2 1.6 2.7
syst_sys55- -0.9 -0.8 -0.7 -0.7 -0.7 -0.7 -0.7 -0.7 -0.8 -0.8 -0.8 -1.0 -0.9 -0.9 -1.2 -1.5 -2.2 -1.5 -3.5
syst_sys56+ 14 14 14 14 15 16 17 17 17 16 16 15 16 17 18 19 20 22 36
syst_sys56- -13 -12 -13 -13 -14 -14 -15 -14 -14 -14 -13 -13 -14 -15 -16 -17 -17 -18 -26
syst_sys57+ 0.0 0.0 0.0 0.0 0.0 0.0 0.0 0.0 0.0 0.0 0.0 0.0 0.0 0.0 0.0 0.0 0.0 0.0 0.0
syst_sys57- 0.0 0.0 0.0 0.0 0.0 0.0 0.0 0.0 0.0 0.0 0.0 0.0 0.0 0.0 0.0 0.0 0.0 0.0 0.0
syst_sys58+ -3.9 -3.7 -3.6 -3.1 -2.2 -1.5 -1.2 -1.4 -1.6 -1.6 -1.0 -0.3 0.3 0.6 0.5 0.2 -0.3 -1.1 -10
syst_sys58- 3.9 3.9 3.8 3.2 2.3 1.6 1.3 1.3 1.6 1.5 1.0 0.3 -0.3 -0.5 -0.5 -0.2 0.3 1.1 10
syst_sys59+ -0.8 -0.5 -0.4 -0.3 -0.4 -0.3 -0.3 -0.3 -0.3 -0.3 -0.3 -0.3 -0.2 -0.2 -0.1 -0.1 -0.1 0.1 0.1
syst_sys59- 0.5 0.6 0.5 0.4 0.4 0.5 0.4 0.4 0.3 0.3 0.4 0.5 0.4 0.3 0.2 0.1 0.0 -0.1 -0.1
syst_sys60+ -2.2 -1.8 -1.5 -1.4 -1.4 -1.4 -1.3 -1.3 -1.2 -1.2 -1.4 -1.6 -1.6 -1.3 -0.8 -0.3 -0.1 0.1 0.1
syst_sys60- 1.9 1.9 1.7 1.6 1.6 1.5 1.4 1.3 1.2 1.3 1.5 1.7 1.8 1.5 1.0 0.5 0.1 -0.2 -0.3
syst_sys61+ 1.6 1.2 1.0 1.0 1.0 1.0 1.1 1.2 1.3 1.2 1.1 0.9 0.7 0.5 0.3 0.2 0.1 0.0 -0.0
syst_sys61- -1.3 -1.1 -1.0 -1.0 -0.9 -1.0 -1.1 -1.2 -1.2 -1.2 -1.0 -0.9 -0.7 -0.5 -0.3 -0.1 -0.0 -0.0 0.0
syst_sys62+ 0.2 0.2 0.2 0.3 0.3 0.3 0.4 0.3 0.4 0.4 0.4 0.5 0.5 0.5 0.5 0.6 0.6 0.4 0.1
syst_sys62- -0.3 -0.3 -0.3 -0.3 -0.3 -0.3 -0.3 -0.4 -0.4 -0.4 -0.4 -0.5 -0.5 -0.5 -0.5 -0.6 -0.7 -0.7 -0.7
syst_sys63+ 4.8 4.2 3.8 3.4 3.2 3.0 2.8 2.6 2.5 2.4 2.3 2.1 2.0 2.0 2.0 2.0 1.8 1.4 -0.3
syst_sys63- -4.5 -3.9 -3.5 -3.3 -3.1 -2.9 -2.7 -2.6 -2.5 -2.3 -2.2 -2.2 -2.2 -2.2 -2.1 -2.0 -1.9 -1.7 0.1
syst_sys64+ 12 9.7 7.6 6.4 5.9 5.4 5.2 5.2 5.5 5.8 6.2 6.6 7.2 7.8 8.5 9.4 11 13 31
syst_sys64- -12 -9.7 -7.6 -6.4 -5.9 -5.4 -5.2 -5.2 -5.5 -5.8 -6.2 -6.6 -7.2 -7.8 -8.5 -9.4 -11 -13 -31
syst_sys65+ 1.5 1.1 0.9 0.8 0.8 0.7 0.7 0.7 0.7 0.8 0.7 0.6 0.5 0.4 0.4 0.4 0.4 0.4 0.4
syst_sys65- -1.5 -1.1 -0.9 -0.8 -0.8 -0.7 -0.7 -0.7 -0.7 -0.8 -0.7 -0.6 -0.5 -0.4 -0.4 -0.4 -0.4 -0.4 -0.4
syst_sys66+ 0.4 0.1 0.0 0.0 0.0 0.1 0.0 0.0 0.0 0.1 0.0 0.1 0.0 0.0 0.1 0.1 0.8 1.2 1.7
syst_sys66- -0.4 -0.1 -0.0 -0.0 -0.0 -0.1 -0.0 -0.0 -0.0 -0.1 -0.0 -0.1 -0.0 -0.0 -0.1 -0.1 -0.8 -1.2 -1.7
syst_sys67+ 0.5 0.5 0.5 0.5 0.5 0.5 0.5 0.5 0.5 0.5 0.5 0.5 0.5 0.5 0.5 0.5 0.5 0.5 0.5
syst_sys67- -0.5 -0.5 -0.5 -0.5 -0.5 -0.5 -0.5 -0.5 -0.5 -0.5 -0.5 -0.5 -0.5 -0.5 -0.5 -0.5 -0.5 -0.5 -0.5
syst_sys68+ 1.8 1.8 1.8 1.8 1.8 1.8 1.8 1.8 1.8 1.8 1.8 1.8 1.8 1.8 1.8 1.8 1.8 1.8 1.8
syst_sys68- -1.8 -1.8 -1.8 -1.8 -1.8 -1.8 -1.8 -1.8 -1.8 -1.8 -1.8 -1.8 -1.8 -1.8 -1.8 -1.8 -1.8 -1.8 -1.8
syst_sys69+ 0.0 0.0 0.0 0.0 0.0 0.0 0.0 0.0 0.0 0.0 0.0 0.0 0.0 0.0 0.0 0.0 0.0 0.0 0.0
syst_sys69- -0.0 -0.0 -0.0 -0.0 -0.0 -0.0 -0.0 -0.0 -0.0 -0.0 -0.0 -0.0 -0.0 -0.0 -0.0 -0.0 -0.0 -0.0 -0.0
;mean xmin xmax cross staterr   +syst    -syst 
108.0 100 116 2.26e+03 0.86 20.36 19.58
125.0 116 134 9.78e+02 1.1 18.82 17.28
143.0 134 152 4.45e+02 1.4 17.64 16.78
162.0 152 172 1.98e+02 1.1 16.93 16.20
183.0 172 194 9.36e+01 0.92 17.47 16.65
205.0 194 216 4.22e+01 1.3 18.20 16.36
228.0 216 240 2.00e+01 1.0 19.01 17.21
252.0 240 264 9.67e+00 1.5 19.02 16.45
277.0 264 290 4.69e+00 2.1 19.26 16.60
304.0 290 318 2.14e+00 3.0 18.57 16.70
332.0 318 346 9.48e-01 3.4 18.77 16.00
361.0 346 376 4.32e-01 1.9 18.14 16.36
392.0 376 408 1.83e-01 1.2 19.43 17.73
425.0 408 442 7.48e-02 1.8 20.65 19.40
460.0 442 478 2.88e-02 2.4 22.43 20.58
497.0 478 516 1.01e-02 2.3 24.07 22.38
536.0 516 556 3.29e-03 4.0 26.34 24.65
599.0 556 642 6.57e-04 6.6 30.22 26.65
768.0 642 894 1.20e-05 29 57.31 49.54
